corners	NaN	0	0	0
corners-5-greedy	NaN	0	0	0
corners	NaN	0	0	0
greedy-10-greedy	NaN	0	0	0
corners-11-mobility0.18	NaN	0	0	0
mobility0.48-11-mobility0.61	NaN	0	0	0
mobility0.51-16-stable0.68	NaN	0	0	0
stable0.35	NaN	0	0	0
corners-11-mobility0.18	NaN	0	0	0
mobility0.51-16-stable0.68	NaN	0	0	0
corners-24-greedy	NaN	0	0	0
mobility0.48	NaN	0	0	0
mobility0.48	0.7083333333333334	17	6	24
mobility0.48	0.7083333333333334	17	6	24
corners	0.625	5	3	8
stable0.82	0.5625	9	6	16
stable0.82	0.5625	9	6	16
mobility0.48	0.5227272727272727	23	19	44
mobility0.48	0.5227272727272727	23	19	44
mobility0.48	0.5227272727272727	23	19	44
stable0.77-21-mobility0.67	0.5208333333333334	25	23	48
stable0.77-21-mobility0.67	0.5208333333333334	25	23	48
stable0.77-21-mobility0.67	0.5208333333333334	25	23	48
mobility0.73-11-corners	0.5	4	4	8
corners	0.5	4	4	8
corners	0.5	4	4	8
greedy-0-stable0.68	0.5	8	7	16
corners	0.5	6	6	12
stable0.35	0.4861111111111111	35	35	72
corners-10-mobility0.62	0.4722222222222222	34	35	72
corners-10-mobility0.62	0.4722222222222222	34	35	72
greedy-21-stable0.29	0.4583333333333333	11	12	24
greedy-21-stable0.29	0.4583333333333333	11	12	24
greedy-21-stable0.29	0.4583333333333333	11	12	24
greedy-21-stable0.29	0.4583333333333333	11	12	24
corners	0.4482758620689655	52	60	116
mobility0.59	0.4375	7	8	16
mobility0.48-21-corners	0.4375	7	9	16
greedy-10-corners	0.4107142857142857	23	31	56
greedy-10-corners	0.4107142857142857	23	31	56
greedy-10-corners	0.4107142857142857	23	31	56
greedy-10-corners	0.4107142857142857	23	31	56
greedy-10-corners	0.4107142857142857	23	31	56
greedy-13-mobility0.57	0.375	3	3	8
greedy-21-stable0.74	0.375	3	5	8
stable0.42	0.375	3	5	8
stable0.42	0.375	3	5	8
stable0.77	0.375	3	5	8
corners-11-stable0.74	0.2916666666666667	7	15	24
mobility0.76-11-mobility0.92	0.25	6	16	24
