stable0.64-18-stable0.44	NaN	0	0	0
stable0.79	NaN	0	0	0
corners	NaN	0	0	0
stable0.42	NaN	0	0	0
stable0.82-10-stable0.16	NaN	0	0	0
stable0.82-16-stable0.47	NaN	0	0	0
corners-12-greedy	NaN	0	0	0
corners-21-stable0.71	NaN	0	0	0
corners	NaN	0	0	0
stable0.35	0.6428571428571429	18	9	28
stable0.35	0.6428571428571429	18	9	28
corners	0.625	10	5	16
corners-10-stable0.09	0.625	10	6	16
corners	0.5625	9	7	16
corners	0.5625	9	7	16
corners	0.5625	9	7	16
corners-18-stable0.44	0.5441176470588235	37	28	68
corners-18-stable0.44	0.5441176470588235	37	28	68
corners-18-stable0.44	0.5441176470588235	37	28	68
corners-18-stable0.44	0.5441176470588235	37	28	68
stable0.24-16-stable0.74	0.5	4	4	8
stable0.77-21-stable0.44	0.5	4	3	8
corners-13-mobility0.06	0.5	4	4	8
mobility0.92-0-greedy	0.5	12	12	24
mobility0.92-7-stable0.66	0.5	4	3	8
stable0.42	0.5	4	4	8
corners-10-mobility0.62	0.4807692307692308	50	48	104
corners	0.46774193548387094	29	32	62
mobility0.92	0.46296296296296297	25	29	54
mobility0.92	0.46296296296296297	25	29	54
greedy-0-stable0.74	0.4583333333333333	11	13	24
stable0.24-16-corners	0.45454545454545453	10	11	22
stable0.79	0.45454545454545453	10	11	22
stable0.79	0.45454545454545453	10	11	22
stable0.79	0.45454545454545453	10	11	22
stable0.24-16-corners	0.45454545454545453	10	11	22
mobility0.92-21-mobility0.76	0.425	17	22	40
stable0.78	0.4090909090909091	18	23	44
stable0.78	0.4090909090909091	18	23	44
stable0.78	0.4090909090909091	18	23	44
stable0.78	0.4090909090909091	18	23	44
corners	0.375	6	9	16
stable0.64-18-corners	0.3611111111111111	13	22	36
stable0.64-18-corners	0.3611111111111111	13	22	36
stable0.64-18-corners	0.3611111111111111	13	22	36
corners-5-stable0.55	0.3333333333333333	2	3	6
stable0.76	0.3125	5	11	16
mobility0.92	0.2916666666666667	7	17	24
corners-0-greedy	0.25	2	5	8
mobility0.92	0.125	1	6	8
