corners-21-stable0.71	NaN	0	0	0
stable0.35-0-stable0.44	NaN	0	0	0
stable0.58-13-corners	NaN	0	0	0
stable0.34	NaN	0	0	0
corners	NaN	0	0	0
corners-10-stable0.60	0.6428571428571429	9	5	14
corners-10-stable0.60	0.6428571428571429	9	5	14
corners-10-stable0.60	0.6428571428571429	9	5	14
stable0.64-16-corners	0.625	10	6	16
stable0.24-16-stable0.44	0.625	15	9	24
corners	0.5652173913043478	26	19	46
corners	0.5652173913043478	26	19	46
stable0.21-10-mobility0.42	0.5625	9	7	16
corners-10-stable0.09	0.5454545454545454	12	10	22
mobility1.00-18-corners	0.5454545454545454	12	9	22
stable0.21-10-corners	0.5	8	8	16
corners-21-stable0.09	0.5	8	7	16
stable0.21-10-corners	0.5	8	8	16
corners	0.5	4	4	8
stable0.21-10-corners	0.5	8	8	16
stable0.42	0.5	4	4	8
stable0.77-21-stable0.44	0.5	8	7	16
stable0.64-18-corners	0.4634146341463415	38	42	82
stable0.64-18-corners	0.4634146341463415	38	42	82
stable0.64-18-corners	0.4634146341463415	38	42	82
stable0.24-16-corners	0.45454545454545453	10	11	22
corners	0.44642857142857145	25	31	56
corners	0.44642857142857145	25	31	56
corners	0.44642857142857145	25	31	56
corners	0.44642857142857145	25	31	56
mobility0.81	0.375	3	4	8
corners	0.375	6	10	16
mobility1.00-7-stable0.90	0.375	9	14	24
stable0.76	0.375	3	5	8
mobility0.99-18-corners	0.375	3	5	8
stable0.21	0.375	3	5	8
mobility1.00-7-stable0.90	0.375	9	14	24
mobility0.81	0.375	3	4	8
stable0.24-16-stable0.74	0.375	6	10	16
greedy-18-corners	0.3333333333333333	2	4	6
stable0.79	0.2857142857142857	4	8	14
stable0.21-19-stable0.99	0.25	2	6	8
stable0.76	0.25	6	18	24
corners-21-greedy	0.25	2	5	8
corners	0.25	4	12	16
stable0.76	0.25	6	18	24
corners	0.25	4	12	16
corners	0.25	4	12	16
corners-10-stable0.16	0.25	4	10	16
corners	0.25	4	12	16
