stable0.21-10-stable0.72	NaN	0	0	0
corners	NaN	0	0	0
stable0.24	NaN	0	0	0
stable0.24-16-mobility0.52	NaN	0	0	0
stable0.24	NaN	0	0	0
stable0.80-14-mobility0.73	NaN	0	0	0
stable0.64	0.875	7	1	8
stable0.64	0.875	7	1	8
stable0.64	0.875	7	1	8
corners-12-corners	0.8333333333333334	5	1	6
mobility0.81-10-mobility0.63	0.5909090909090909	13	9	22
greedy-11-mobility0.63	0.5625	9	7	16
greedy-11-mobility0.63	0.5625	9	7	16
greedy-11-mobility0.63	0.5625	9	7	16
greedy-11-mobility0.63	0.5625	9	7	16
greedy-11-mobility0.63	0.5625	9	7	16
greedy-11-mobility0.63	0.5625	9	7	16
stable0.24	0.53125	17	15	32
corners-21-stable0.13	0.5238095238095238	22	18	42
corners-21-stable0.13	0.5238095238095238	22	18	42
corners-21-stable0.13	0.5238095238095238	22	18	42
corners-13-greedy	0.5	7	6	14
corners-13-greedy	0.5	7	6	14
mobility0.54-13-corners	0.5	4	3	8
corners-13-greedy	0.5	7	6	14
corners-15-mobility0.16	0.4791666666666667	23	25	48
mobility0.81-24-mobility0.73	0.4666666666666667	14	15	30
corners-13-greedy	0.4583333333333333	11	13	24
stable0.64	0.4583333333333333	11	13	24
stable0.21	0.4375	7	8	16
mobility1.00-7-stable0.90	0.4375	21	24	48
mobility0.36-16-corners	0.4166666666666667	10	14	24
mobility0.36-16-corners	0.4166666666666667	10	14	24
mobility0.36-16-corners	0.4166666666666667	10	14	24
stable0.21	0.4090909090909091	9	13	22
stable0.21-16-corners	0.4090909090909091	9	13	22
corners	0.375	6	10	16
corners	0.375	3	4	8
stable0.24	0.375	6	8	16
stable0.24-16-stable0.44	0.375	6	9	16
corners-16-corners	0.375	3	5	8
stable0.24	0.375	6	8	16
corners-21-corners	0.375	3	5	8
corners	0.375	6	10	16
corners	0.375	6	10	16
stable0.64-0-stable0.13	0.375	6	10	16
corners	0.375	3	5	8
stable0.21-19-stable0.99	0.36666666666666664	11	18	30
corners-15-mobility0.16	0.35714285714285715	5	9	14
mobility1.00-23-stable0.72	0.1875	3	13	16
