greedy	NaN	0	0	0
stable0.74-11-mobility0.33	NaN	0	0	0
greedy	NaN	0	0	0
greedy	NaN	0	0	0
mobility0.41-11-greedy	NaN	0	0	0
mobility0.56	NaN	0	0	0
greedy-17-stable0.81	0.75	6	2	8
corners-11-greedy	0.7083333333333334	17	4	24
mobility0.36-0-mobility0.77	0.6875	11	5	16
mobility0.56-0-mobility0.77	0.6875	22	7	32
greedy-11-greedy	0.6818181818181818	15	5	22
greedy-11-greedy	0.6818181818181818	15	5	22
mobility0.20-11-greedy	0.625	10	5	16
corners-21-mobility0.33	0.625	5	2	8
mobility0.56-17-greedy	0.5208333333333334	25	21	48
mobility0.58-21-corners	0.5208333333333334	25	22	48
mobility0.56-17-greedy	0.5208333333333334	25	21	48
mobility0.56-17-greedy	0.5208333333333334	25	21	48
mobility0.56-17-greedy	0.5208333333333334	25	21	48
greedy-17-stable0.43	0.5	8	8	16
corners	0.5	4	4	8
mobility0.20-10-greedy	0.5	4	3	8
mobility0.41-11-stable0.87	0.5	4	4	8
corners-21-greedy	0.5	8	8	16
corners	0.5	4	4	8
greedy-17-stable0.43	0.5	8	8	16
greedy-17-greedy	0.5	8	8	16
corners-21-greedy	0.4583333333333333	22	26	48
corners-21-greedy	0.4583333333333333	22	26	48
corners-21-greedy	0.4583333333333333	22	26	48
corners-21-greedy	0.4583333333333333	22	26	48
mobility0.58-21-stable0.87	0.4375	7	9	16
stable0.24-10-greedy	0.4375	21	25	48
stable0.24-10-greedy	0.4375	21	25	48
stable0.24-10-greedy	0.4375	21	25	48
mobility0.86-24-mobility0.79	0.4375	14	18	32
mobility0.20-10-stable0.40	0.42105263157894735	16	22	38
mobility0.20-10-stable0.40	0.42105263157894735	16	22	38
stable0.64-21-stable0.87	0.375	12	19	32
corners-16-stable0.87	0.375	9	15	24
stable0.75	0.35714285714285715	5	9	14
stable0.75	0.35714285714285715	5	9	14
stable0.75	0.35714285714285715	5	9	14
stable0.74-16-stable0.87	0.34375	11	19	32
mobility0.20-15-stable0.81	0.3157894736842105	12	26	38
mobility0.20-15-stable0.81	0.3157894736842105	12	26	38
mobility0.20-15-stable0.81	0.3157894736842105	12	26	38
mobility0.61	0.25	4	10	16
mobility0.61	0.25	4	10	16
corners-21-stable0.87	0.125	1	7	8
