greedy	NaN	0	0	0
corners-18-stable0.25	NaN	0	0	0
mobility0.89-24-stable0.22	NaN	0	0	0
mobility0.30	NaN	0	0	0
mobility0.14	NaN	0	0	0
greedy	NaN	0	0	0
greedy	NaN	0	0	0
greedy	NaN	0	0	0
corners-18-stable0.25	NaN	0	0	0
corners-19-stable0.13	0.6666666666666666	4	2	6
mobility0.89	0.6666666666666666	16	8	24
corners-19-stable0.13	0.6666666666666666	4	2	6
mobility0.89	0.65625	21	10	32
corners-24-stable0.16	0.625	5	3	8
mobility0.89	0.625	10	6	16
stable0.89	0.625	10	6	16
corners	0.625	5	3	8
corners-11-greedy	0.625	10	6	16
mobility0.98-18-corners	0.625	5	3	8
mobility0.89-0-greedy	0.6052631578947368	23	14	38
mobility0.89	0.59375	19	13	32
mobility0.89	0.59375	19	13	32
mobility0.89	0.59375	19	13	32
mobility0.98-11-greedy	0.4722222222222222	17	16	36
mobility0.98-11-greedy	0.4722222222222222	17	16	36
mobility0.98-11-greedy	0.4722222222222222	17	16	36
mobility0.89-18-stable0.09	0.4666666666666667	14	15	30
mobility0.89-18-stable0.09	0.4666666666666667	14	15	30
mobility0.89-18-stable0.09	0.4666666666666667	14	15	30
mobility0.89-18-stable0.09	0.4666666666666667	14	15	30
mobility0.89-18-stable0.09	0.4666666666666667	14	15	30
mobility0.89-18-stable0.09	0.4666666666666667	14	15	30
mobility0.89-18-stable0.09	0.4666666666666667	14	15	30
mobility0.89-17-stable0.22	0.4583333333333333	11	13	24
mobility0.89-0-greedy	0.4583333333333333	11	12	24
mobility0.89	0.4583333333333333	11	13	24
mobility0.98-18-greedy	0.45454545454545453	10	12	22
greedy-18-stable0.53	0.4375	7	9	16
corners-18-stable0.22	0.375	6	8	16
corners-17-stable0.22	0.3684210526315789	14	24	38
corners-17-stable0.22	0.3684210526315789	14	24	38
corners-17-stable0.22	0.3684210526315789	14	24	38
corners	0.36666666666666664	11	18	30
corners	0.36666666666666664	11	18	30
mobility0.89-0-mobility0.34	0.3333333333333333	2	3	6
mobility0.89-10-stable0.22	0.3333333333333333	2	3	6
greedy-10-greedy	0.3181818181818182	7	14	22
stable0.89-18-stable0.53	0.3125	5	9	16
mobility0.98	0.25	2	5	8
mobility0.14-10-corners	0.125	2	14	16
