greedy-16-mobility0.90	NaN	0	0	0
stable0.28-18-mobility0.92	NaN	0	0	0
mobility0.76	NaN	0	0	0
corners	NaN	0	0	0
mobility0.48-12-mobility0.13	NaN	0	0	0
greedy	NaN	0	0	0
greedy	NaN	0	0	0
greedy-21-corners	NaN	0	0	0
corners-10-mobility0.62	NaN	0	0	0
stable0.28	0.75	18	6	24
corners-14-mobility0.43	0.7272727272727273	16	5	22
corners-14-mobility0.43	0.7272727272727273	16	5	22
corners-14-mobility0.43	0.7272727272727273	16	5	22
mobility0.48	0.6875	11	5	16
mobility0.48	0.6363636363636364	14	8	22
mobility0.48	0.6363636363636364	14	8	22
mobility0.76-11-mobility0.61	0.625	10	6	16
corners-14-mobility0.43	0.625	10	5	16
greedy-21-stable0.74	0.6	18	11	30
greedy-21-stable0.74	0.6	18	11	30
greedy-21-stable0.74	0.6	18	11	30
stable0.28-5-corners	0.5	3	3	6
mobility0.48-0-greedy	0.5	4	4	8
stable0.28	0.5	4	4	8
corners-0-mobility0.92	0.5	4	4	8
greedy	0.5	4	4	8
mobility0.73	0.47368421052631576	18	19	38
mobility0.73	0.47368421052631576	18	19	38
mobility0.73-12-corners	0.46875	15	14	32
mobility0.48-12-corners	0.4642857142857143	13	15	28
mobility0.48-12-corners	0.4642857142857143	13	15	28
stable0.28	0.45454545454545453	30	36	66
stable0.28	0.45454545454545453	30	36	66
stable0.28	0.45454545454545453	30	36	66
stable0.28	0.45454545454545453	30	36	66
corners	0.421875	27	36	64
corners	0.421875	27	36	64
mobility0.73	0.4166666666666667	10	13	24
mobility0.48-11-mobility0.92	0.375	3	5	8
mobility0.73	0.34375	11	20	32
corners-9-corners	0.3235294117647059	11	20	34
corners-9-corners	0.3235294117647059	11	20	34
corners-9-corners	0.3235294117647059	11	20	34
corners-9-corners	0.3235294117647059	11	20	34
greedy-23-corners	0.3125	5	11	16
greedy-21-greedy	0.2857142857142857	4	9	14
greedy-11-mobility0.92	0.26666666666666666	8	20	30
greedy-11-mobility0.92	0.26666666666666666	8	20	30
mobility0.48	0.25	2	6	8
greedy	0.125	1	7	8
