mobility0.39-16-mobility0.15	0.63125	101	56	160
stable0.62-21-mobility0.02	0.6136363636363636	81	50	132
corners-16-mobility0.15	0.6063829787234043	57	35	94
mobility0.39-18-mobility0.02	0.5789473684210527	176	120	304
mobility0.39-18-mobility0.02	0.5789473684210527	176	120	304
mobility0.39-18-mobility0.02	0.5777027027027027	171	117	296
mobility0.39-18-mobility0.02	0.5777027027027027	171	117	296
mobility0.39	0.5666666666666667	102	73	180
mobility0.39-16-mobility0.15	0.5649717514124294	200	148	354
mobility0.39-16-mobility0.15	0.5649717514124294	200	148	354
mobility0.39-16-mobility0.15	0.5649717514124294	200	148	354
mobility0.88-18-mobility0.02	0.5643564356435643	114	83	202
mobility0.39	0.5560344827586207	258	191	464
mobility0.39	0.5560344827586207	258	191	464
mobility0.39	0.5560344827586207	258	191	464
corners-16-mobility0.15	0.5390625	69	55	128
mobility0.39	0.5271739130434783	97	83	184
mobility0.39	0.518348623853211	113	97	218
greedy-7-greedy	0.4925373134328358	330	319	670
greedy-7-greedy	0.4925373134328358	330	319	670
greedy-7-greedy	0.4925373134328358	330	319	670
greedy-7-greedy	0.4925373134328358	330	319	670
greedy-7-greedy	0.4925373134328358	330	319	670
greedy-7-greedy	0.4925373134328358	330	319	670
mobility0.39-18-corners	0.4797297297297297	71	73	148
stable0.62-21-stable0.76	0.4745762711864407	56	57	118
mobility0.39-16-greedy	0.4745762711864407	112	118	236
mobility0.39	0.4726027397260274	69	73	146
greedy-21-greedy	0.4722222222222222	255	269	540
greedy-21-greedy	0.4722222222222222	255	269	540
greedy-21-greedy	0.4722222222222222	255	269	540
greedy-21-greedy	0.4722222222222222	255	269	540
mobility0.39	0.45394736842105265	69	80	152
stable0.24-11-corners	0.44715447154471544	110	131	246
mobility0.88-11-stable0.01	0.44516129032258067	138	165	310
mobility0.88-11-stable0.01	0.44516129032258067	138	165	310
corners-17-stable0.60	0.4375	70	82	160
corners-21-greedy	0.43529411764705883	74	93	170
mobility0.39-18-corners	0.42696629213483145	76	99	178
greedy-18-corners	0.42	63	82	150
greedy	0.41935483870967744	52	70	124
mobility0.88	0.413265306122449	81	107	196
greedy-7-corners	0.41304347826086957	57	77	138
mobility0.39-18-corners	0.40384615384615385	273	387	676
mobility0.39-18-corners	0.40384615384615385	273	387	676
mobility0.39-18-corners	0.40384615384615385	273	387	676
mobility0.39-18-corners	0.40384615384615385	273	387	676
mobility0.39-18-corners	0.40384615384615385	273	387	676
corners	0.4	40	60	100
greedy-21-corners	0.32666666666666666	49	94	150
