positional49,31,74,7,83	NaN	0	0	0
positional49,31,74,7,83-6-positional33,28,60,12,91	0.8461538461538461	11	2	13
positional42,33,64,4,98	0.7692307692307693	20	6	26
positional33,28,57,8,88-6-positional48,16,66,11,96	0.7692307692307693	10	3	13
positional59,15,69,13,82	0.7560975609756098	31	10	41
positional49,31,74,7,83-14-positional49,31,74,7,83	0.75	21	7	28
mobility0.99-22-positional40,24,71,10,89	0.75	21	7	28
positional33,28,57,8,88-13-positional33,28,57,8,88	0.75	21	7	28
positional40,24,71,10,89	0.7317073170731707	30	11	41
positional33,28,60,12,91	0.7142857142857143	20	8	28
positional38,15,55,6,91-22-positional40,24,71,10,89	0.7142857142857143	40	16	56
positional48,16,66,11,96	0.7073170731707317	29	12	41
positional33,28,57,8,88	0.7037037037037037	19	8	27
positional38,15,55,6,91	0.6956521739130435	48	21	69
positional37,23,71,4,90	0.6909090909090909	38	17	55
positional48,16,66,11,96-10-positional59,15,69,13,82	0.6904761904761905	29	13	42
positional31,27,77,3,87-8-positional49,31,74,7,83	0.6666666666666666	18	9	27
positional37,23,71,4,90-22-positional37,23,71,4,90	0.6666666666666666	18	9	27
mobility0.00-22-positional49,23,51,9,88	0.6585365853658537	27	14	41
positional49,31,74,7,83-18-positional59,15,69,13,82	0.6470588235294118	44	24	68
positional49,23,51,9,88-16-positional33,28,57,8,88	0.6428571428571429	9	5	14
positional58,17,78,5,90-21-positional33,28,57,8,88	0.6428571428571429	18	10	28
positional40,24,71,10,89-5-positional33,28,60,12,91	0.6428571428571429	27	15	42
positional49,23,51,9,88-21-positional40,24,71,10,89	0.6363636363636364	35	20	55
positional31,27,77,3,87	0.6296296296296297	17	10	27
positional49,23,51,9,88	0.6226415094339622	33	20	53
mobility0.46-8-positional33,28,57,8,88	0.6153846153846154	16	10	26
mobility0.05-11-positional48,16,66,11,96	0.5714285714285714	8	6	14
positional58,17,78,5,90	0.5522388059701493	37	30	67
mobility0.46-6-positional49,31,74,7,83	0.52	13	12	25
greedy-15-corners	0.4642857142857143	13	15	28
mobility0.00-22-stable0.30	0.4642857142857143	13	15	28
mobility1.00	0.4444444444444444	12	15	27
mobility0.00	0.4444444444444444	12	15	27
greedy	0.43636363636363634	24	31	55
mobility0.46	0.4146341463414634	17	24	41
stable0.53	0.4074074074074074	11	16	27
mobility0.94-11-mobility0.46	0.4074074074074074	33	48	81
mobility0.99-5-stable0.45	0.40476190476190477	17	25	42
stable0.76	0.4	10	15	25
mobility0.05	0.39285714285714285	11	17	28
positional49,31,74,7,83-24-mobility0.05	0.39285714285714285	11	17	28
corners	0.38461538461538464	5	8	13
positional33,28,57,8,88-11-greedy	0.36363636363636365	20	35	55
positional59,15,69,13,82-15-mobility1.00	0.35185185185185186	19	35	54
positional42,33,64,4,98-10-corners	0.34782608695652173	24	45	69
stable0.84	0.3392857142857143	19	37	56
mobility0.94-19-stable0.84	0.3333333333333333	14	28	42
positional33,28,57,8,88-20-stable0.30	0.3	12	28	40
mobility1.00-11-stable1.00	0.2894736842105263	11	27	38
stable0.30	0.2727272727272727	15	40	55
stable1.00	0.25316455696202533	20	59	79
stable0.45	0.23076923076923078	6	20	26
mobility0.46-18-stable0.53	0.2222222222222222	6	21	27
stable0.53-19-corners	0.21739130434782608	15	54	69
mobility0.94	0.21428571428571427	3	11	14
mobility0.99-12-greedy	0.21428571428571427	3	11	14
positional33,28,57,8,88-11-corners	0.21428571428571427	3	11	14
mobility0.99	0.14285714285714285	2	12	14
stable0.53-19-mobility0.94	0.07142857142857142	1	13	14
