positional49,31,74,7,83	NaN	0	0	0
positional48,16,66,11,96-14-positional49,31,74,7,83	NaN	0	0	0
positional59,15,69,13,82	0.6962025316455697	55	24	79
positional59,15,69,13,82	0.6962025316455697	55	24	79
positional48,16,66,11,96-10-positional59,15,69,13,82	0.6285714285714286	44	26	70
mobility0.00-22-positional49,23,51,9,88	0.6222222222222222	56	34	90
mobility0.00-22-positional49,23,51,9,88	0.6222222222222222	56	34	90
positional40,24,71,10,89	0.6083333333333333	73	47	120
positional40,24,71,10,89	0.6083333333333333	73	47	120
positional42,33,64,4,98	0.6074766355140186	65	42	107
positional42,33,64,4,98	0.6074766355140186	65	42	107
positional38,15,55,6,91-22-positional40,24,71,10,89	0.6049382716049383	98	64	162
positional38,15,55,6,91-22-positional40,24,71,10,89	0.6049382716049383	98	64	162
positional38,15,55,6,91	0.6047904191616766	101	66	167
positional38,15,55,6,91	0.6047904191616766	101	66	167
positional38,15,55,6,91	0.6047904191616766	101	66	167
positional49,23,51,9,88-21-positional40,24,71,10,89	0.5962732919254659	96	65	161
positional49,23,51,9,88-21-positional40,24,71,10,89	0.5962732919254659	96	65	161
positional49,23,51,9,88-21-positional40,24,71,10,89	0.5962732919254659	96	65	161
positional59,15,69,13,82-16-positional33,28,57,8,88	0.5945945945945946	22	15	37
positional49,31,74,7,83-14-positional49,31,74,7,83	0.5913978494623656	55	38	93
positional49,31,74,7,83-14-positional49,31,74,7,83	0.5913978494623656	55	38	93
positional49,31,74,7,83-18-positional59,15,69,13,82	0.5904761904761905	62	43	105
positional49,31,74,7,83-18-positional59,15,69,13,82	0.5904761904761905	62	43	105
positional49,23,51,9,88	0.5849056603773585	93	66	159
positional49,23,51,9,88	0.5849056603773585	93	66	159
positional49,23,51,9,88	0.5849056603773585	93	66	159
positional40,24,71,10,89	0.5789473684210527	22	16	38
positional38,15,55,6,91	0.5714285714285714	16	12	28
positional40,24,71,10,89	0.5714285714285714	8	6	14
positional31,27,77,3,87-8-positional49,31,74,7,83	0.5660377358490566	30	23	53
positional48,16,66,11,96	0.5636363636363636	31	24	55
positional48,16,66,11,96	0.5636363636363636	31	24	55
positional40,24,71,10,89-22-positional49,23,51,9,88	0.5606060606060606	37	29	66
positional33,28,60,12,91-21-positional40,24,71,10,89	0.5555555555555556	35	28	63
positional37,23,71,4,90	0.5533333333333333	83	67	150
positional37,23,71,4,90	0.5533333333333333	83	67	150
positional33,28,60,12,91	0.5454545454545454	36	30	66
positional33,28,60,12,91	0.5454545454545454	36	30	66
positional48,16,66,11,96-22-positional40,24,71,10,89	0.5405405405405406	20	17	37
positional33,28,57,8,88-13-positional33,28,57,8,88	0.5384615384615384	14	12	26
positional40,24,71,10,89-5-positional33,28,60,12,91	0.5327102803738317	57	50	107
positional40,24,71,10,89-5-positional33,28,60,12,91	0.5327102803738317	57	50	107
positional49,23,51,9,88-16-positional33,28,57,8,88	0.5283018867924528	28	25	53
positional31,27,77,3,87	0.5272727272727272	29	26	55
mobility0.99-6-positional33,28,60,12,91	0.525	21	19	40
positional33,28,57,8,88-6-positional48,16,66,11,96	0.5072463768115942	35	34	69
positional38,15,55,6,91	0.5	6	6	12
positional49,23,51,9,88	0.5	6	6	12
positional49,31,74,7,83-6-positional33,28,60,12,91	0.4936708860759494	39	40	79
positional33,28,57,8,88-13-positional33,28,57,8,88	0.49242424242424243	65	67	132
positional33,28,57,8,88-13-positional33,28,57,8,88	0.49242424242424243	65	67	132
mobility0.99-22-positional40,24,71,10,89	0.475	57	63	120
mobility0.99-22-positional40,24,71,10,89	0.475	57	63	120
positional49,31,74,7,83	0.46153846153846156	6	7	13
positional49,31,74,7,83-13-positional33,28,57,8,88	0.45	18	22	40
positional38,15,55,6,91	0.41818181818181815	23	32	55
positional49,23,51,9,88	0.37735849056603776	20	33	53
positional40,24,71,10,89	0.35	14	26	40
mobility0.00	0.07692307692307693	1	12	13
