positional49,23,51,9,88-10-positional59,15,69,13,82	NaN	0	0	0
positional49,23,51,9,88-0-positional59,15,69,13,82	0.6341463414634146	26	15	41
positional48,16,66,11,96-22-positional59,15,69,13,82	0.5925925925925926	32	22	54
positional40,24,71,10,89-22-positional40,24,71,10,89	0.5833333333333334	7	5	12
positional49,23,51,9,88-0-positional40,24,71,10,89	0.5769230769230769	15	11	26
positional48,16,66,11,96-0-positional59,15,69,13,82	0.5641025641025641	22	17	39
positional49,23,51,9,88-0-positional40,24,71,10,89	0.5576923076923077	58	46	104
positional49,23,51,9,88-0-positional40,24,71,10,89	0.5576923076923077	58	46	104
positional49,23,51,9,88-22-positional40,24,71,10,89	0.5555555555555556	10	8	18
positional49,23,51,9,88-10-positional59,15,69,13,82	0.5555555555555556	85	68	153
positional49,23,51,9,88-10-positional59,15,69,13,82	0.5555555555555556	85	68	153
positional49,23,51,9,88-10-positional59,15,69,13,82	0.5555555555555556	85	68	153
positional49,23,51,9,88-10-positional59,15,69,13,82	0.5555555555555556	85	68	153
positional49,23,51,9,88-10-positional59,15,69,13,82	0.5526315789473685	42	34	76
positional49,23,51,9,88-10-positional59,15,69,13,82	0.5475638051044084	236	195	431
positional49,23,51,9,88-10-positional59,15,69,13,82	0.5475638051044084	236	195	431
positional49,23,51,9,88-21-positional59,15,69,13,82	0.5454545454545454	42	35	77
positional49,23,51,9,88-21-positional59,15,69,13,82	0.5454545454545454	42	35	77
positional40,24,71,10,89-21-positional59,15,69,13,82	0.5416666666666666	26	22	48
positional48,16,66,11,96-10-positional59,15,69,13,82	0.5389221556886228	90	77	167
positional48,16,66,11,96-10-positional59,15,69,13,82	0.5389221556886228	90	77	167
positional48,16,66,11,96-10-positional59,15,69,13,82	0.5389221556886228	90	77	167
positional40,24,71,10,89-10-positional59,15,69,13,82	0.5384615384615384	14	12	26
positional40,24,71,10,89-21-positional59,15,69,13,82	0.531578947368421	101	89	190
positional40,24,71,10,89-22-positional40,24,71,10,89	0.5303030303030303	35	31	66
positional49,23,51,9,88-22-positional40,24,71,10,89	0.5295315682281059	260	231	491
positional49,23,51,9,88-22-positional40,24,71,10,89	0.5295315682281059	260	231	491
positional49,23,51,9,88-22-positional40,24,71,10,89	0.5295315682281059	260	231	491
positional49,23,51,9,88-22-positional40,24,71,10,89	0.5295315682281059	260	231	491
positional49,23,51,9,88-22-positional40,24,71,10,89	0.5295315682281059	260	231	491
positional49,23,51,9,88-22-positional40,24,71,10,89	0.5295315682281059	260	231	491
positional49,23,51,9,88-22-positional40,24,71,10,89	0.5295315682281059	260	231	491
positional40,24,71,10,89-21-positional59,15,69,13,82	0.527027027027027	39	35	74
positional59,15,69,13,82-0-positional40,24,71,10,89	0.525	21	19	40
positional59,15,69,13,82-22-positional40,24,71,10,89	0.5206896551724138	151	139	290
positional59,15,69,13,82-22-positional40,24,71,10,89	0.5206896551724138	151	139	290
positional59,15,69,13,82-22-positional40,24,71,10,89	0.5206896551724138	151	139	290
positional49,23,51,9,88-0-positional40,24,71,10,89	0.5189873417721519	41	38	79
positional49,23,51,9,88-10-positional59,15,69,13,82	0.5151515151515151	68	64	132
positional49,23,51,9,88-10-positional59,15,69,13,82	0.5151515151515151	68	64	132
positional48,16,66,11,96-0-positional40,24,71,10,89	0.5141242937853108	91	86	177
positional48,16,66,11,96-0-positional40,24,71,10,89	0.5141242937853108	91	86	177
positional49,23,51,9,88-0-positional40,24,71,10,89	0.5	52	52	104
positional49,23,51,9,88-0-positional40,24,71,10,89	0.5	52	52	104
positional49,23,51,9,88-21-positional59,15,69,13,82	0.5	27	27	54
positional48,16,66,11,96-10-positional59,15,69,13,82	0.5	6	6	12
positional48,16,66,11,96-22-positional40,24,71,10,89	0.49693251533742333	81	82	163
positional48,16,66,11,96-22-positional40,24,71,10,89	0.49693251533742333	81	82	163
positional49,23,51,9,88-10-positional59,15,69,13,82	0.4827586206896552	28	30	58
positional59,15,69,13,82-10-positional59,15,69,13,82	0.4778761061946903	54	59	113
positional59,15,69,13,82-10-positional59,15,69,13,82	0.4778761061946903	54	59	113
positional59,15,69,13,82-22-positional40,24,71,10,89	0.4716981132075472	25	28	53
positional49,23,51,9,88-21-positional59,15,69,13,82	0.46825396825396826	59	67	126
positional49,23,51,9,88-21-positional59,15,69,13,82	0.46825396825396826	59	67	126
positional49,23,51,9,88-0-positional59,15,69,13,82	0.463768115942029	32	37	69
positional59,15,69,13,82-10-positional59,15,69,13,82	0.46153846153846156	18	21	39
positional49,23,51,9,88-10-positional59,15,69,13,82	0.42857142857142855	12	16	28
positional49,23,51,9,88-10-positional40,24,71,10,89	0.4	10	15	25
positional49,23,51,9,88-22-positional40,24,71,10,89	0.39285714285714285	11	17	28
positional49,23,51,9,88-10-positional40,24,71,10,89	0.3333333333333333	9	18	27
