positional40,24,71,10,89-10-positional59,15,69,13,82	0.7857142857142857	11	3	14
positional49,23,51,9,88-0-positional59,15,69,13,82	0.6086956521739131	98	63	161
positional49,23,51,9,88-0-positional59,15,69,13,82	0.6086956521739131	98	63	161
positional49,23,51,9,88-0-positional59,15,69,13,82	0.6086956521739131	98	63	161
positional49,23,51,9,88-0-positional40,24,71,10,89	0.5925925925925926	16	11	27
positional49,23,51,9,88-22-positional59,15,69,13,82	0.5833333333333334	7	5	12
positional49,23,51,9,88-21-positional59,15,69,13,82	0.5833333333333334	21	15	36
positional49,23,51,9,88-10-positional40,24,71,10,89	0.5833333333333334	7	5	12
positional40,24,71,10,89-22-positional40,24,71,10,89	0.5789473684210527	22	16	38
positional48,16,66,11,96-22-positional59,15,69,13,82	0.5754716981132075	61	45	106
positional48,16,66,11,96-22-positional59,15,69,13,82	0.5754716981132075	61	45	106
positional40,24,71,10,89-22-positional40,24,71,10,89	0.5543478260869565	51	41	92
positional49,23,51,9,88-22-positional40,24,71,10,89	0.5526315789473685	21	17	38
positional49,23,51,9,88-22-positional40,24,71,10,89	0.546875	35	29	64
positional49,23,51,9,88-21-positional59,15,69,13,82	0.5454545454545454	42	35	77
positional49,23,51,9,88-10-positional59,15,69,13,82	0.5418326693227091	272	230	502
positional49,23,51,9,88-10-positional59,15,69,13,82	0.5418326693227091	272	230	502
positional49,23,51,9,88-10-positional59,15,69,13,82	0.5418326693227091	272	230	502
positional40,24,71,10,89-10-positional59,15,69,13,82	0.5405405405405406	20	17	37
positional48,16,66,11,96-0-positional59,15,69,13,82	0.5405405405405406	20	17	37
positional49,23,51,9,88-21-positional59,15,69,13,82	0.54	27	23	50
positional40,24,71,10,89-21-positional59,15,69,13,82	0.5311203319502075	128	113	241
positional49,23,51,9,88-10-positional59,15,69,13,82	0.5294117647058824	18	16	34
positional49,23,51,9,88-0-positional40,24,71,10,89	0.5283018867924528	112	100	212
positional49,23,51,9,88-0-positional40,24,71,10,89	0.5283018867924528	112	100	212
positional49,23,51,9,88-0-positional40,24,71,10,89	0.5283018867924528	112	100	212
positional49,23,51,9,88-0-positional40,24,71,10,89	0.5283018867924528	112	100	212
positional49,23,51,9,88-0-positional40,24,71,10,89	0.5283018867924528	112	100	212
positional59,15,69,13,82-22-positional40,24,71,10,89	0.5253164556962026	166	150	316
positional59,15,69,13,82-22-positional40,24,71,10,89	0.5253164556962026	166	150	316
positional49,23,51,9,88-10-positional59,15,69,13,82	0.525	63	57	120
positional49,23,51,9,88-22-positional40,24,71,10,89	0.5245901639344263	32	29	61
positional49,23,51,9,88-22-positional40,24,71,10,89	0.5215146299483648	303	278	581
positional49,23,51,9,88-22-positional40,24,71,10,89	0.5215146299483648	303	278	581
positional49,23,51,9,88-22-positional40,24,71,10,89	0.5215146299483648	303	278	581
positional49,23,51,9,88-22-positional40,24,71,10,89	0.5215146299483648	303	278	581
positional49,23,51,9,88-22-positional40,24,71,10,89	0.5208333333333334	50	46	96
positional40,24,71,10,89-21-positional59,15,69,13,82	0.5196078431372549	53	49	102
positional49,23,51,9,88-0-positional40,24,71,10,89	0.5111111111111111	46	44	90
positional49,23,51,9,88-0-positional40,24,71,10,89	0.5056179775280899	45	44	89
positional49,23,51,9,88-0-positional40,24,71,10,89	0.5056179775280899	45	44	89
positional49,23,51,9,88-21-positional59,15,69,13,82	0.5	85	85	170
positional49,23,51,9,88-10-positional59,15,69,13,82	0.5	6	6	12
positional49,23,51,9,88-21-positional59,15,69,13,82	0.5	85	85	170
positional59,15,69,13,82-0-positional40,24,71,10,89	0.5	33	33	66
positional49,23,51,9,88-10-positional40,24,71,10,89	0.5	20	20	40
positional49,23,51,9,88-10-positional59,15,69,13,82	0.49411764705882355	126	129	255
positional49,23,51,9,88-10-positional59,15,69,13,82	0.49411764705882355	126	129	255
positional49,23,51,9,88-10-positional59,15,69,13,82	0.49411764705882355	126	129	255
positional49,23,51,9,88-10-positional59,15,69,13,82	0.49411764705882355	126	129	255
positional49,23,51,9,88-10-positional59,15,69,13,82	0.49411764705882355	126	129	255
positional49,23,51,9,88-0-positional40,24,71,10,89	0.475	19	21	40
positional49,23,51,9,88-0-positional59,15,69,13,82	0.46153846153846156	24	28	52
positional40,24,71,10,89-22-positional59,15,69,13,82	0.4594594594594595	17	20	37
positional48,16,66,11,96-0-positional59,15,69,13,82	0.44761904761904764	47	58	105
positional59,15,69,13,82-22-positional40,24,71,10,89	0.4430379746835443	35	44	79
positional49,23,51,9,88-10-positional59,15,69,13,82	0.42391304347826086	39	53	92
positional49,23,51,9,88-22-positional40,24,71,10,89	0.4	10	15	25
positional40,24,71,10,89-22-positional40,24,71,10,89	0.37037037037037035	10	17	27
positional49,23,51,9,88-0-positional59,15,69,13,82	0.23076923076923078	3	10	13
