positional49,23,51,9,88-22-positional40,24,71,10,89	0.6176470588235294	21	13	34
positional49,23,51,9,88-10-positional59,15,69,13,82	0.6	21	14	35
positional49,23,51,9,88-21-positional40,24,71,10,89	0.5909090909090909	13	9	22
positional40,24,71,10,89-10-positional59,15,69,13,82	0.5892857142857143	33	23	56
positional49,23,51,9,88-21-positional59,15,69,13,82	0.5882352941176471	30	21	51
positional40,24,71,10,89-22-positional40,24,71,10,89	0.5849056603773585	62	44	106
positional40,24,71,10,89-0-positional59,15,69,13,82	0.5714285714285714	52	39	91
positional49,23,51,9,88-10-positional59,15,69,13,82	0.5714285714285714	8	6	14
positional40,24,71,10,89-22-positional40,24,71,10,89	0.5625	45	35	80
positional49,23,51,9,88-0-positional59,15,69,13,82	0.5555555555555556	45	36	81
positional49,23,51,9,88-22-positional59,15,69,13,82	0.5538461538461539	36	29	65
positional49,23,51,9,88-22-positional40,24,71,10,89	0.5526315789473685	21	17	38
positional49,23,51,9,88-0-positional40,24,71,10,89	0.5526315789473685	21	17	38
positional49,23,51,9,88-10-positional59,15,69,13,82	0.5473684210526316	52	43	95
positional49,23,51,9,88-10-positional59,15,69,13,82	0.5473684210526316	52	43	95
positional49,23,51,9,88-0-positional59,15,69,13,82	0.5393258426966292	192	164	356
positional49,23,51,9,88-0-positional59,15,69,13,82	0.5393258426966292	192	164	356
positional49,23,51,9,88-0-positional59,15,69,13,82	0.5393258426966292	192	164	356
positional49,23,51,9,88-0-positional59,15,69,13,82	0.5393258426966292	192	164	356
positional49,23,51,9,88-0-positional59,15,69,13,82	0.5393258426966292	192	164	356
positional49,23,51,9,88-0-positional59,15,69,13,82	0.5393258426966292	192	164	356
positional49,23,51,9,88-0-positional59,15,69,13,82	0.5393258426966292	192	164	356
positional49,23,51,9,88-0-positional59,15,69,13,82	0.5393258426966292	192	164	356
positional49,23,51,9,88-0-positional59,15,69,13,82	0.5393258426966292	192	164	356
positional49,23,51,9,88-0-positional59,15,69,13,82	0.5393258426966292	192	164	356
positional48,16,66,11,96-22-positional40,24,71,10,89	0.5370370370370371	29	25	54
positional49,23,51,9,88-10-positional59,15,69,13,82	0.5368620037807184	284	245	529
positional49,23,51,9,88-0-positional40,24,71,10,89	0.5319148936170213	150	132	282
positional49,23,51,9,88-0-positional40,24,71,10,89	0.5319148936170213	150	132	282
positional49,23,51,9,88-0-positional59,15,69,13,82	0.5263157894736842	20	18	38
positional49,23,51,9,88-10-positional59,15,69,13,82	0.5253164556962026	83	75	158
positional49,23,51,9,88-10-positional59,15,69,13,82	0.5253164556962026	83	75	158
positional40,24,71,10,89-21-positional59,15,69,13,82	0.5236220472440944	133	121	254
positional48,16,66,11,96-22-positional59,15,69,13,82	0.5167464114832536	108	101	209
positional48,16,66,11,96-22-positional59,15,69,13,82	0.5167464114832536	108	101	209
positional48,16,66,11,96-22-positional59,15,69,13,82	0.5167464114832536	108	101	209
positional48,16,66,11,96-22-positional59,15,69,13,82	0.5167464114832536	108	101	209
positional49,23,51,9,88-22-positional40,24,71,10,89	0.5164835164835165	47	44	91
positional40,24,71,10,89-22-positional59,15,69,13,82	0.5128205128205128	40	38	78
positional40,24,71,10,89-10-positional40,24,71,10,89	0.5098039215686274	26	25	51
positional49,23,51,9,88-21-positional59,15,69,13,82	0.5068493150684932	37	36	73
positional49,23,51,9,88-21-positional59,15,69,13,82	0.5068493150684932	37	36	73
positional49,23,51,9,88-0-positional40,24,71,10,89	0.5	53	53	106
positional49,23,51,9,88-0-positional40,24,71,10,89	0.5	27	27	54
positional49,23,51,9,88-0-positional40,24,71,10,89	0.5	53	53	106
positional48,16,66,11,96-0-positional40,24,71,10,89	0.5	5	5	10
positional49,23,51,9,88-22-positional40,24,71,10,89	0.5	44	44	88
positional48,16,66,11,96-22-positional59,15,69,13,82	0.4852941176470588	33	35	68
positional49,23,51,9,88-0-positional40,24,71,10,89	0.4728682170542636	61	68	129
positional49,23,51,9,88-0-positional40,24,71,10,89	0.4728682170542636	61	68	129
positional49,23,51,9,88-10-positional40,24,71,10,89	0.4725274725274725	43	48	91
positional49,23,51,9,88-0-positional59,15,69,13,82	0.4716981132075472	25	28	53
positional49,23,51,9,88-10-positional59,15,69,13,82	0.453125	29	35	64
positional40,24,71,10,89-22-positional59,15,69,13,82	0.44660194174757284	46	57	103
positional48,16,66,11,96-0-positional59,15,69,13,82	0.4444444444444444	44	55	99
positional48,16,66,11,96-0-positional59,15,69,13,82	0.4444444444444444	44	55	99
positional48,16,66,11,96-0-positional59,15,69,13,82	0.4444444444444444	44	55	99
positional40,24,71,10,89-0-positional40,24,71,10,89	0.4358974358974359	17	22	39
positional49,23,51,9,88-10-positional59,15,69,13,82	0.4074074074074074	11	16	27
positional49,23,51,9,88-22-positional40,24,71,10,89	0.36363636363636365	4	7	11
