positional48,16,66,11,96-22-positional59,15,69,13,82	NaN	0	0	0
positional49,23,51,9,88-0-positional59,15,69,13,82	NaN	0	0	0
positional49,23,51,9,88-10-positional59,15,69,13,82	0.7142857142857143	20	8	28
positional49,23,51,9,88-0-positional40,24,71,10,89	0.6666666666666666	22	11	33
positional49,23,51,9,88-10-positional59,15,69,13,82	0.65	39	21	60
positional49,23,51,9,88-0-positional40,24,71,10,89	0.639344262295082	39	22	61
positional49,23,51,9,88-21-positional59,15,69,13,82	0.6363636363636364	14	8	22
positional49,23,51,9,88-0-positional40,24,71,10,89	0.6111111111111112	22	14	36
positional40,24,71,10,89-22-positional40,24,71,10,89	0.5849056603773585	62	44	106
positional49,23,51,9,88-0-positional59,15,69,13,82	0.5714285714285714	12	9	21
positional49,23,51,9,88-0-positional40,24,71,10,89	0.56	42	33	75
positional49,23,51,9,88-0-positional40,24,71,10,89	0.56	42	33	75
positional40,24,71,10,89-22-positional40,24,71,10,89	0.5588235294117647	19	15	34
positional40,24,71,10,89-22-positional40,24,71,10,89	0.5566037735849056	59	47	106
positional40,24,71,10,89-0-positional59,15,69,13,82	0.5555555555555556	70	56	126
positional40,24,71,10,89-0-positional59,15,69,13,82	0.5555555555555556	70	56	126
positional49,23,51,9,88-10-positional59,15,69,13,82	0.5454545454545454	114	95	209
positional49,23,51,9,88-10-positional59,15,69,13,82	0.5454545454545454	114	95	209
positional49,23,51,9,88-10-positional59,15,69,13,82	0.5454545454545454	114	95	209
positional49,23,51,9,88-0-positional59,15,69,13,82	0.535031847133758	84	73	157
positional49,23,51,9,88-0-positional59,15,69,13,82	0.535031847133758	84	73	157
positional49,23,51,9,88-22-positional40,24,71,10,89	0.5306122448979592	52	46	98
positional49,23,51,9,88-22-positional40,24,71,10,89	0.5306122448979592	52	46	98
positional49,23,51,9,88-22-positional40,24,71,10,89	0.5306122448979592	52	46	98
positional49,23,51,9,88-22-positional59,15,69,13,82	0.5302013422818792	79	70	149
positional49,23,51,9,88-22-positional59,15,69,13,82	0.5302013422818792	79	70	149
positional49,23,51,9,88-0-positional59,15,69,13,82	0.5268022181146026	285	256	541
positional49,23,51,9,88-0-positional59,15,69,13,82	0.5268022181146026	285	256	541
positional49,23,51,9,88-0-positional59,15,69,13,82	0.5268022181146026	285	256	541
positional49,23,51,9,88-0-positional59,15,69,13,82	0.5268022181146026	285	256	541
positional49,23,51,9,88-0-positional59,15,69,13,82	0.5268022181146026	285	256	541
positional49,23,51,9,88-0-positional59,15,69,13,82	0.5268022181146026	285	256	541
positional49,23,51,9,88-0-positional59,15,69,13,82	0.5268022181146026	285	256	541
positional49,23,51,9,88-0-positional59,15,69,13,82	0.5268022181146026	285	256	541
positional49,23,51,9,88-0-positional59,15,69,13,82	0.5268022181146026	285	256	541
positional49,23,51,9,88-0-positional59,15,69,13,82	0.5263157894736842	20	18	38
positional49,23,51,9,88-10-positional59,15,69,13,82	0.5232558139534884	45	41	86
positional40,24,71,10,89-0-positional59,15,69,13,82	0.5185185185185185	14	13	27
positional49,23,51,9,88-10-positional59,15,69,13,82	0.5131578947368421	39	37	76
positional49,23,51,9,88-0-positional40,24,71,10,89	0.5	53	53	106
positional49,23,51,9,88-0-positional40,24,71,10,89	0.5	12	12	24
positional49,23,51,9,88-21-positional59,15,69,13,82	0.5	18	18	36
positional49,23,51,9,88-22-positional40,24,71,10,89	0.5	12	12	24
positional49,23,51,9,88-21-positional59,15,69,13,82	0.4966887417218543	75	76	151
positional49,23,51,9,88-21-positional59,15,69,13,82	0.4966887417218543	75	76	151
positional49,23,51,9,88-21-positional59,15,69,13,82	0.4966887417218543	75	76	151
positional40,24,71,10,89-22-positional59,15,69,13,82	0.49504950495049505	50	51	101
positional49,23,51,9,88-10-positional59,15,69,13,82	0.4888888888888889	22	23	45
positional48,16,66,11,96-22-positional40,24,71,10,89	0.4785714285714286	67	73	140
positional48,16,66,11,96-22-positional40,24,71,10,89	0.4785714285714286	67	73	140
positional48,16,66,11,96-22-positional40,24,71,10,89	0.4785714285714286	67	73	140
positional49,23,51,9,88-10-positional59,15,69,13,82	0.4625	37	43	80
positional49,23,51,9,88-10-positional59,15,69,13,82	0.4625	37	43	80
positional40,24,71,10,89-10-positional59,15,69,13,82	0.46226415094339623	49	57	106
positional40,24,71,10,89-10-positional59,15,69,13,82	0.46226415094339623	49	57	106
positional49,23,51,9,88-21-positional40,24,71,10,89	0.43478260869565216	30	39	69
positional49,23,51,9,88-0-positional59,15,69,13,82	0.42857142857142855	6	8	14
positional48,16,66,11,96-22-positional59,15,69,13,82	0.3953488372093023	34	52	86
positional48,16,66,11,96-22-positional59,15,69,13,82	0.38461538461538464	20	32	52
positional40,24,71,10,89-22-positional59,15,69,13,82	0.38095238095238093	8	13	21
