mobility0.00	NaN	0	0	0
positional42,33,64,4,98	NaN	0	0	0
positional38,15,55,6,91-22-positional40,24,71,10,89	NaN	0	0	0
positional40,24,71,10,89-22-positional40,24,71,10,89	0.673469387755102	33	16	49
positional48,16,66,11,96-10-positional59,15,69,13,82	0.6153846153846154	104	65	169
positional48,16,66,11,96-10-positional59,15,69,13,82	0.6153846153846154	104	65	169
positional38,15,55,6,91-13-positional33,28,57,8,88	0.5909090909090909	13	9	22
positional59,15,69,13,82-0-positional33,28,60,12,91	0.5869565217391305	27	19	46
positional49,23,51,9,88-16-positional33,28,57,8,88	0.5822784810126582	46	33	79
positional49,23,51,9,88-21-positional40,24,71,10,89	0.5683060109289617	104	79	183
positional49,23,51,9,88-21-positional40,24,71,10,89	0.5683060109289617	104	79	183
mobility0.00-22-positional49,23,51,9,88	0.5670103092783505	110	84	194
mobility0.00-22-positional49,23,51,9,88	0.5670103092783505	110	84	194
mobility0.00-22-positional49,23,51,9,88	0.5670103092783505	110	84	194
mobility0.00-22-positional49,23,51,9,88	0.5670103092783505	110	84	194
positional38,15,55,6,91	0.5652173913043478	13	10	23
positional40,24,71,10,89	0.5584415584415584	172	136	308
positional40,24,71,10,89	0.5584415584415584	172	136	308
positional40,24,71,10,89	0.5584415584415584	172	136	308
positional40,24,71,10,89	0.5584415584415584	172	136	308
positional40,24,71,10,89	0.5584415584415584	172	136	308
positional40,24,71,10,89	0.5584415584415584	172	136	308
positional40,24,71,10,89	0.550561797752809	49	40	89
positional40,24,71,10,89-5-positional33,28,60,12,91	0.5488721804511278	73	60	133
positional38,15,55,6,91-22-positional40,24,71,10,89	0.5482758620689655	159	131	290
positional38,15,55,6,91-22-positional40,24,71,10,89	0.5482758620689655	159	131	290
positional38,15,55,6,91-22-positional40,24,71,10,89	0.5482758620689655	159	131	290
positional38,15,55,6,91-22-positional40,24,71,10,89	0.5482758620689655	159	131	290
positional38,15,55,6,91-22-positional40,24,71,10,89	0.5482758620689655	159	131	290
positional49,31,74,7,83-14-positional49,31,74,7,83	0.5476190476190477	69	57	126
positional49,31,74,7,83-14-positional49,31,74,7,83	0.5476190476190477	69	57	126
positional59,15,69,13,82	0.5463917525773195	106	88	194
positional59,15,69,13,82	0.5463917525773195	106	88	194
positional59,15,69,13,82	0.5463917525773195	106	88	194
mobility0.99-6-positional33,28,60,12,91	0.5454545454545454	36	30	66
positional38,15,55,6,91	0.5435540069686411	156	131	287
positional38,15,55,6,91	0.5435540069686411	156	131	287
positional38,15,55,6,91	0.5435540069686411	156	131	287
positional38,15,55,6,91	0.5435540069686411	156	131	287
positional40,24,71,10,89-22-positional49,23,51,9,88	0.5403225806451613	67	57	124
positional40,24,71,10,89-22-positional49,23,51,9,88	0.5403225806451613	67	57	124
positional42,33,64,4,98	0.5254901960784314	134	121	255
positional42,33,64,4,98	0.5254901960784314	134	121	255
positional42,33,64,4,98	0.5254901960784314	134	121	255
positional42,33,64,4,98	0.5254901960784314	134	121	255
positional33,28,57,8,88-13-positional33,28,57,8,88	0.5094339622641509	81	78	159
positional33,28,57,8,88-13-positional33,28,57,8,88	0.5094339622641509	81	78	159
positional40,24,71,10,89-0-positional40,24,71,10,89	0.5	18	18	36
positional40,24,71,10,89	0.5	12	12	24
positional38,15,55,6,91-14-positional49,31,74,7,83	0.4864864864864865	18	19	37
positional49,23,51,9,88	0.47619047619047616	30	33	63
positional38,15,55,6,91	0.4716981132075472	25	28	53
mobility0.00-22-positional33,28,60,12,91	0.4423076923076923	23	29	52
positional33,28,57,8,88-13-positional33,28,57,8,88	0.44	11	14	25
positional48,16,66,11,96	0.43478260869565216	10	13	23
positional48,16,66,11,96	0.4339622641509434	23	30	53
mobility0.00-22-positional49,23,51,9,88	0.425531914893617	20	27	47
positional49,31,74,7,83	0.4	8	12	20
positional49,23,51,9,88	0.4	4	6	10
mobility0.00	0.21428571428571427	3	11	14
