positional48,16,66,11,96	NaN	0	0	0
positional40,24,71,10,89-0-positional40,24,71,10,89	0.7142857142857143	10	4	14
positional40,24,71,10,89-22-positional40,24,71,10,89	0.6265060240963856	52	31	83
positional49,23,51,9,88-16-positional33,28,57,8,88	0.625	55	33	88
mobility0.00-22-positional40,24,71,10,89	0.5833333333333334	7	5	12
positional49,23,51,9,88	0.5833333333333334	7	5	12
positional48,16,66,11,96-10-positional59,15,69,13,82	0.570446735395189	166	125	291
positional48,16,66,11,96-10-positional59,15,69,13,82	0.570446735395189	166	125	291
positional48,16,66,11,96-10-positional59,15,69,13,82	0.570446735395189	166	125	291
positional48,16,66,11,96-10-positional59,15,69,13,82	0.570446735395189	166	125	291
positional48,16,66,11,96-10-positional59,15,69,13,82	0.570446735395189	166	125	291
positional48,16,66,11,96-10-positional59,15,69,13,82	0.570446735395189	166	125	291
positional48,16,66,11,96-10-positional59,15,69,13,82	0.570446735395189	166	125	291
positional48,16,66,11,96-10-positional59,15,69,13,82	0.570446735395189	166	125	291
positional40,24,71,10,89	0.5633802816901409	40	31	71
positional49,23,51,9,88-21-positional40,24,71,10,89	0.5568627450980392	142	113	255
positional49,23,51,9,88-21-positional40,24,71,10,89	0.5568627450980392	142	113	255
positional38,15,55,6,91-13-positional33,28,57,8,88	0.5507246376811594	38	31	69
positional38,15,55,6,91-13-positional33,28,57,8,88	0.5507246376811594	38	31	69
positional40,24,71,10,89	0.5447470817120622	280	234	514
positional40,24,71,10,89	0.5447470817120622	280	234	514
positional40,24,71,10,89	0.5447470817120622	280	234	514
positional40,24,71,10,89	0.5447470817120622	280	234	514
positional40,24,71,10,89	0.5447470817120622	280	234	514
positional40,24,71,10,89	0.5447470817120622	280	234	514
positional40,24,71,10,89	0.5447470817120622	280	234	514
positional40,24,71,10,89	0.5447470817120622	280	234	514
positional40,24,71,10,89	0.5447470817120622	280	234	514
positional40,24,71,10,89	0.5447470817120622	280	234	514
positional40,24,71,10,89	0.5447470817120622	280	234	514
positional59,15,69,13,82-0-positional59,15,69,13,82	0.5416666666666666	26	22	48
positional38,15,55,6,91-22-positional40,24,71,10,89	0.5409356725146199	185	157	342
positional38,15,55,6,91-22-positional40,24,71,10,89	0.5409356725146199	185	157	342
positional59,15,69,13,82	0.5381818181818182	148	127	275
positional59,15,69,13,82	0.5381818181818182	148	127	275
positional59,15,69,13,82	0.5381818181818182	148	127	275
positional59,15,69,13,82	0.5381818181818182	148	127	275
positional59,15,69,13,82-0-positional33,28,60,12,91	0.5376344086021505	50	43	93
positional59,15,69,13,82-0-positional33,28,60,12,91	0.5376344086021505	50	43	93
mobility0.00-22-positional49,23,51,9,88	0.5223367697594502	152	139	291
mobility0.00-22-positional49,23,51,9,88	0.5223367697594502	152	139	291
mobility0.00-22-positional49,23,51,9,88	0.5223367697594502	152	139	291
mobility0.00-22-positional49,23,51,9,88	0.5223367697594502	152	139	291
mobility0.00-22-positional49,23,51,9,88	0.5223367697594502	152	139	291
positional48,16,66,11,96	0.5217391304347826	12	11	23
positional38,15,55,6,91-22-positional40,24,71,10,89	0.5217391304347826	12	11	23
positional40,24,71,10,89-0-positional40,24,71,10,89	0.5185185185185185	42	39	81
positional49,23,51,9,88-10-positional59,15,69,13,82	0.5161290322580645	32	30	62
positional48,16,66,11,96-10-positional33,28,60,12,91	0.5147058823529411	35	33	68
positional40,24,71,10,89-0-positional33,28,57,8,88	0.5	5	5	10
mobility0.00-22-positional33,28,60,12,91	0.5	11	11	22
positional38,15,55,6,91	0.47692307692307695	31	34	65
mobility0.00-22-positional33,28,57,8,88	0.4375	21	27	48
positional48,16,66,11,96	0.43243243243243246	16	21	37
positional40,24,71,10,89-0-positional40,24,71,10,89	0.42857142857142855	18	24	42
positional48,16,66,11,96-22-positional49,23,51,9,88	0.42857142857142855	9	12	21
positional40,24,71,10,89	0.375	9	15	24
positional59,15,69,13,82-0-positional33,28,57,8,88	0.36363636363636365	8	14	22
positional48,16,66,11,96	0.36363636363636365	20	35	55
positional40,24,71,10,89-0-positional49,23,51,9,88	0.35	7	13	20
