positional48,16,66,11,96-10-positional59,15,69,13,82	NaN	0	0	0
positional48,16,66,11,96-10-positional40,24,71,10,89	NaN	0	0	0
positional40,24,71,10,89-0-positional40,24,71,10,89	0.7142857142857143	10	4	14
positional49,23,51,9,88-16-positional33,28,57,8,88	0.6260869565217392	72	43	115
positional40,24,71,10,89-0-positional59,15,69,13,82	0.6086956521739131	14	9	23
positional40,24,71,10,89-22-positional40,24,71,10,89	0.588957055214724	96	67	163
positional40,24,71,10,89-22-positional40,24,71,10,89	0.588957055214724	96	67	163
positional40,24,71,10,89-22-positional40,24,71,10,89	0.588957055214724	96	67	163
mobility0.00-22-positional40,24,71,10,89	0.5833333333333334	7	5	12
positional49,23,51,9,88-10-positional59,15,69,13,82	0.5789473684210527	22	16	38
positional48,16,66,11,96-10-positional59,15,69,13,82	0.5657015590200446	254	195	449
positional48,16,66,11,96-10-positional59,15,69,13,82	0.5657015590200446	254	195	449
positional48,16,66,11,96-10-positional59,15,69,13,82	0.5657015590200446	254	195	449
positional48,16,66,11,96-10-positional59,15,69,13,82	0.5657015590200446	254	195	449
positional48,16,66,11,96-10-positional59,15,69,13,82	0.5657015590200446	254	195	449
positional48,16,66,11,96-10-positional59,15,69,13,82	0.5657015590200446	254	195	449
positional48,16,66,11,96-10-positional59,15,69,13,82	0.5657015590200446	254	195	449
positional48,16,66,11,96-10-positional59,15,69,13,82	0.5657015590200446	254	195	449
positional48,16,66,11,96-10-positional59,15,69,13,82	0.5657015590200446	254	195	449
positional48,16,66,11,96-10-positional59,15,69,13,82	0.5657015590200446	254	195	449
positional48,16,66,11,96-10-positional59,15,69,13,82	0.5657015590200446	254	195	449
positional48,16,66,11,96-10-positional59,15,69,13,82	0.5657015590200446	254	195	449
positional59,15,69,13,82-0-positional49,23,51,9,88	0.559322033898305	33	26	59
positional40,24,71,10,89	0.5591397849462365	52	41	93
positional40,24,71,10,89	0.541871921182266	330	279	609
positional40,24,71,10,89	0.541871921182266	330	279	609
positional40,24,71,10,89	0.541871921182266	330	279	609
positional40,24,71,10,89-22-positional33,28,57,8,88	0.5384615384615384	7	6	13
positional59,15,69,13,82	0.5331010452961672	153	134	287
positional49,23,51,9,88-21-positional40,24,71,10,89	0.5324324324324324	197	173	370
positional49,23,51,9,88-21-positional40,24,71,10,89	0.5324324324324324	197	173	370
positional49,23,51,9,88-21-positional40,24,71,10,89	0.5324324324324324	197	173	370
positional49,23,51,9,88-21-positional40,24,71,10,89	0.5324324324324324	197	173	370
positional49,23,51,9,88-21-positional40,24,71,10,89	0.5324324324324324	197	173	370
positional38,15,55,6,91-22-positional40,24,71,10,89	0.5321782178217822	215	189	404
positional38,15,55,6,91-22-positional40,24,71,10,89	0.5321782178217822	215	189	404
positional38,15,55,6,91-22-positional40,24,71,10,89	0.5303030303030303	35	31	66
positional49,23,51,9,88-22-positional40,24,71,10,89	0.5263157894736842	30	27	57
mobility0.00-22-positional59,15,69,13,82	0.5254237288135594	31	28	59
positional59,15,69,13,82-0-positional59,15,69,13,82	0.5254237288135594	31	28	59
positional59,15,69,13,82-21-positional40,24,71,10,89	0.52	13	12	25
positional38,15,55,6,91-13-positional33,28,57,8,88	0.5194805194805194	80	74	154
positional38,15,55,6,91-13-positional33,28,57,8,88	0.5194805194805194	80	74	154
mobility0.00-22-positional49,23,51,9,88	0.5142045454545454	181	171	352
mobility0.00-10-positional59,15,69,13,82	0.5135135135135135	19	18	37
positional59,15,69,13,82-0-positional59,15,69,13,82	0.5043478260869565	58	57	115
positional59,15,69,13,82-0-positional59,15,69,13,82	0.5043478260869565	58	57	115
positional59,15,69,13,82-0-positional59,15,69,13,82	0.5043478260869565	58	57	115
positional40,24,71,10,89-0-positional40,24,71,10,89	0.5	4	4	8
positional48,16,66,11,96-10-positional33,28,57,8,88	0.5	20	20	40
positional48,16,66,11,96-22-positional49,23,51,9,88	0.47058823529411764	16	18	34
positional48,16,66,11,96-10-positional40,24,71,10,89	0.45454545454545453	25	30	55
positional40,24,71,10,89-0-positional59,15,69,13,82	0.4423076923076923	23	29	52
positional38,15,55,6,91	0.4318181818181818	19	25	44
positional49,23,51,9,88-16-positional59,15,69,13,82	0.42105263157894735	16	22	38
mobility0.00-22-positional33,28,57,8,88	0.41975308641975306	34	47	81
positional48,16,66,11,96	0.41935483870967744	39	54	93
positional49,23,51,9,88-21-positional59,15,69,13,82	0.4166666666666667	5	7	12
positional48,16,66,11,96-10-positional40,24,71,10,89	0.40384615384615385	21	31	52
positional49,23,51,9,88	0.38461538461538464	25	40	65
