positional40,24,71,10,89-22-positional40,24,71,10,89	0.76	19	6	25
positional38,15,55,6,91-13-positional40,24,71,10,89	0.75	6	2	8
positional49,23,51,9,88-10-positional59,15,69,13,82	0.6451612903225806	20	11	31
positional40,24,71,10,89-0-positional40,24,71,10,89	0.6170212765957447	29	18	47
positional49,23,51,9,88-22-positional40,24,71,10,89	0.5833333333333334	7	5	12
positional59,15,69,13,82-0-positional59,15,69,13,82	0.5833333333333334	7	5	12
positional49,23,51,9,88-16-positional33,28,57,8,88	0.5706806282722513	109	82	191
positional49,23,51,9,88-16-positional33,28,57,8,88	0.5706806282722513	109	82	191
positional59,15,69,13,82-22-positional40,24,71,10,89	0.5576923076923077	29	23	52
positional48,16,66,11,96-10-positional59,15,69,13,82	0.5552	347	278	625
positional48,16,66,11,96-10-positional59,15,69,13,82	0.5552	347	278	625
positional48,16,66,11,96-10-positional59,15,69,13,82	0.5552	347	278	625
positional48,16,66,11,96-10-positional59,15,69,13,82	0.5552	347	278	625
positional48,16,66,11,96-10-positional59,15,69,13,82	0.5552	347	278	625
positional48,16,66,11,96-10-positional59,15,69,13,82	0.5552	347	278	625
positional48,16,66,11,96-10-positional59,15,69,13,82	0.5552	347	278	625
positional48,16,66,11,96-10-positional59,15,69,13,82	0.5552	347	278	625
positional48,16,66,11,96-10-positional59,15,69,13,82	0.5552	347	278	625
positional48,16,66,11,96-10-positional59,15,69,13,82	0.5552	347	278	625
positional48,16,66,11,96-10-positional59,15,69,13,82	0.5552	347	278	625
positional59,15,69,13,82-22-positional40,24,71,10,89	0.5405405405405406	20	17	37
positional48,16,66,11,96-10-positional49,23,51,9,88	0.5384615384615384	14	12	26
positional49,23,51,9,88-21-positional40,24,71,10,89	0.531615925058548	227	200	427
positional49,23,51,9,88-21-positional40,24,71,10,89	0.531615925058548	227	200	427
positional49,23,51,9,88-21-positional40,24,71,10,89	0.531615925058548	227	200	427
positional38,15,55,6,91-13-positional33,28,57,8,88	0.5310734463276836	94	83	177
positional48,16,66,11,96-10-positional40,24,71,10,89	0.5294117647058824	27	24	51
positional40,24,71,10,89-10-positional59,15,69,13,82	0.5277777777777778	19	17	36
positional38,15,55,6,91-22-positional40,24,71,10,89	0.5271317829457365	68	61	129
positional38,15,55,6,91-22-positional40,24,71,10,89	0.5271317829457365	68	61	129
mobility0.00-10-positional59,15,69,13,82	0.5238095238095238	44	40	84
positional40,24,71,10,89-22-positional40,24,71,10,89	0.5223367697594502	152	139	291
positional40,24,71,10,89-22-positional40,24,71,10,89	0.5223367697594502	152	139	291
positional40,24,71,10,89-22-positional40,24,71,10,89	0.5223367697594502	152	139	291
positional40,24,71,10,89-22-positional40,24,71,10,89	0.5223367697594502	152	139	291
positional40,24,71,10,89-22-positional40,24,71,10,89	0.5223367697594502	152	139	291
positional40,24,71,10,89-22-positional40,24,71,10,89	0.5223367697594502	152	139	291
positional40,24,71,10,89-22-positional40,24,71,10,89	0.5223367697594502	152	139	291
positional59,15,69,13,82-0-positional59,15,69,13,82	0.521505376344086	97	89	186
positional59,15,69,13,82-0-positional59,15,69,13,82	0.521505376344086	97	89	186
positional59,15,69,13,82-0-positional59,15,69,13,82	0.521505376344086	97	89	186
positional59,15,69,13,82-0-positional49,23,51,9,88	0.52	91	84	175
positional59,15,69,13,82-0-positional49,23,51,9,88	0.52	91	84	175
positional59,15,69,13,82-0-positional49,23,51,9,88	0.52	91	84	175
positional59,15,69,13,82-0-positional49,23,51,9,88	0.52	91	84	175
positional59,15,69,13,82-0-positional49,23,51,9,88	0.52	91	84	175
positional49,23,51,9,88-10-positional59,15,69,13,82	0.5196078431372549	53	49	102
positional49,23,51,9,88-10-positional59,15,69,13,82	0.5196078431372549	53	49	102
positional48,16,66,11,96-10-positional59,15,69,13,82	0.5	11	11	22
positional48,16,66,11,96-0-positional49,23,51,9,88	0.5	6	6	12
positional59,15,69,13,82-22-positional40,24,71,10,89	0.4888888888888889	22	23	45
positional40,24,71,10,89-0-positional59,15,69,13,82	0.4857142857142857	34	36	70
positional40,24,71,10,89-0-positional59,15,69,13,82	0.4857142857142857	34	36	70
positional48,16,66,11,96-10-positional33,28,57,8,88	0.46153846153846156	12	14	26
positional49,23,51,9,88-10-positional59,15,69,13,82	0.44680851063829785	21	26	47
positional48,16,66,11,96-10-positional40,24,71,10,89	0.4444444444444444	16	20	36
positional59,15,69,13,82-21-positional40,24,71,10,89	0.4426229508196721	27	34	61
positional48,16,66,11,96-10-positional33,28,57,8,88	0.44	11	14	25
positional59,15,69,13,82-22-positional40,24,71,10,89	0.4305555555555556	31	41	72
mobility0.00-0-positional59,15,69,13,82	0.1111111111111111	4	32	36
