positional48,16,66,11,96-16-positional33,28,57,8,88	NaN	0	0	0
positional40,24,71,10,89-10-positional40,24,71,10,89	0.8	8	2	10
positional40,24,71,10,89-0-positional40,24,71,10,89	0.625	15	9	24
positional49,23,51,9,88-13-positional40,24,71,10,89	0.6190476190476191	13	8	21
positional49,23,51,9,88-21-positional59,15,69,13,82	0.5869565217391305	27	19	46
positional49,23,51,9,88-22-positional40,24,71,10,89	0.5833333333333334	14	10	24
positional49,23,51,9,88-10-positional59,15,69,13,82	0.5757575757575758	19	14	33
positional40,24,71,10,89-10-positional40,24,71,10,89	0.5714285714285714	20	15	35
positional40,24,71,10,89-10-positional59,15,69,13,82	0.559322033898305	33	26	59
positional48,16,66,11,96-10-positional59,15,69,13,82	0.5574636723910171	422	335	757
positional48,16,66,11,96-10-positional59,15,69,13,82	0.5574636723910171	422	335	757
positional48,16,66,11,96-10-positional59,15,69,13,82	0.5574636723910171	422	335	757
positional48,16,66,11,96-10-positional59,15,69,13,82	0.5574636723910171	422	335	757
positional48,16,66,11,96-10-positional59,15,69,13,82	0.5574636723910171	422	335	757
positional48,16,66,11,96-10-positional59,15,69,13,82	0.5574636723910171	422	335	757
positional48,16,66,11,96-10-positional59,15,69,13,82	0.5574636723910171	422	335	757
positional48,16,66,11,96-10-positional59,15,69,13,82	0.5574636723910171	422	335	757
positional48,16,66,11,96-10-positional59,15,69,13,82	0.5574636723910171	422	335	757
positional48,16,66,11,96-0-positional40,24,71,10,89	0.5531914893617021	26	21	47
positional40,24,71,10,89-22-positional40,24,71,10,89	0.5428571428571428	57	48	105
positional40,24,71,10,89-22-positional40,24,71,10,89	0.5428571428571428	57	48	105
positional59,15,69,13,82-22-positional40,24,71,10,89	0.5425531914893617	51	43	94
positional59,15,69,13,82-22-positional40,24,71,10,89	0.5405405405405406	20	17	37
positional49,23,51,9,88-21-positional40,24,71,10,89	0.5308641975308642	258	228	486
positional49,23,51,9,88-21-positional40,24,71,10,89	0.5308641975308642	258	228	486
positional40,24,71,10,89-0-positional40,24,71,10,89	0.5299145299145299	62	55	117
positional40,24,71,10,89-0-positional40,24,71,10,89	0.5299145299145299	62	55	117
positional40,24,71,10,89-0-positional40,24,71,10,89	0.5299145299145299	62	55	117
positional40,24,71,10,89-0-positional40,24,71,10,89	0.5299145299145299	62	55	117
positional40,24,71,10,89-22-positional40,24,71,10,89	0.5276872964169381	162	145	307
positional40,24,71,10,89-22-positional40,24,71,10,89	0.5276872964169381	162	145	307
positional40,24,71,10,89-22-positional40,24,71,10,89	0.5276872964169381	162	145	307
positional49,23,51,9,88-16-positional33,28,57,8,88	0.5274725274725275	192	172	364
positional49,23,51,9,88-16-positional33,28,57,8,88	0.5274725274725275	192	172	364
positional49,23,51,9,88-16-positional33,28,57,8,88	0.5274725274725275	192	172	364
positional49,23,51,9,88-16-positional33,28,57,8,88	0.5274725274725275	192	172	364
positional49,23,51,9,88-16-positional33,28,57,8,88	0.5274725274725275	192	172	364
positional49,23,51,9,88-16-positional33,28,57,8,88	0.5274725274725275	192	172	364
positional49,23,51,9,88-16-positional33,28,57,8,88	0.5274725274725275	192	172	364
positional38,15,55,6,91-13-positional40,24,71,10,89	0.5227272727272727	23	21	44
positional59,15,69,13,82-22-positional33,28,57,8,88	0.5161290322580645	16	15	31
positional59,15,69,13,82-0-positional59,15,69,13,82	0.5135135135135135	19	18	37
positional59,15,69,13,82-22-positional40,24,71,10,89	0.5092592592592593	55	53	108
positional49,23,51,9,88-10-positional59,15,69,13,82	0.5	6	6	12
positional49,23,51,9,88-10-positional59,15,69,13,82	0.48484848484848486	64	68	132
positional49,23,51,9,88-10-positional59,15,69,13,82	0.48484848484848486	64	68	132
positional49,23,51,9,88-10-positional59,15,69,13,82	0.48484848484848486	64	68	132
positional59,15,69,13,82-22-positional40,24,71,10,89	0.4666666666666667	28	32	60
positional59,15,69,13,82-10-positional59,15,69,13,82	0.4666666666666667	14	16	30
positional59,15,69,13,82-0-positional40,24,71,10,89	0.4594594594594595	17	20	37
positional49,23,51,9,88-16-positional59,15,69,13,82	0.4583333333333333	11	13	24
positional49,23,51,9,88-10-positional59,15,69,13,82	0.4583333333333333	11	13	24
positional48,16,66,11,96-10-positional40,24,71,10,89	0.4583333333333333	44	52	96
positional48,16,66,11,96-22-positional40,24,71,10,89	0.4574468085106383	43	51	94
positional59,15,69,13,82-22-positional40,24,71,10,89	0.45555555555555555	41	49	90
positional59,15,69,13,82-22-positional40,24,71,10,89	0.45555555555555555	41	49	90
positional49,23,51,9,88-22-positional40,24,71,10,89	0.4444444444444444	16	20	36
positional49,23,51,9,88-10-positional59,15,69,13,82	0.42857142857142855	6	8	14
positional49,23,51,9,88-16-positional40,24,71,10,89	0.4230769230769231	11	15	26
positional40,24,71,10,89-22-positional40,24,71,10,89	0.40540540540540543	15	22	37
