positional49,23,51,9,88-13-positional40,24,71,10,89	0.6190476190476191	13	8	21
positional48,16,66,11,96-10-positional59,15,69,13,82	0.6153846153846154	8	5	13
positional48,16,66,11,96-21-positional59,15,69,13,82	0.6111111111111112	22	14	36
positional40,24,71,10,89-10-positional59,15,69,13,82	0.6041666666666666	29	19	48
positional49,23,51,9,88-22-positional40,24,71,10,89	0.5974025974025974	46	31	77
positional40,24,71,10,89-10-positional59,15,69,13,82	0.5747126436781609	50	37	87
positional49,23,51,9,88-16-positional33,28,57,8,88	0.5686274509803921	29	22	51
positional49,23,51,9,88-10-positional59,15,69,13,82	0.5684931506849316	83	63	146
positional49,23,51,9,88-10-positional59,15,69,13,82	0.5684931506849316	83	63	146
positional49,23,51,9,88-10-positional59,15,69,13,82	0.5684931506849316	83	63	146
positional59,15,69,13,82-22-positional40,24,71,10,89	0.5555555555555556	65	52	117
positional40,24,71,10,89-0-positional40,24,71,10,89	0.551948051948052	85	69	154
positional40,24,71,10,89-0-positional40,24,71,10,89	0.551948051948052	85	69	154
positional49,23,51,9,88-22-positional40,24,71,10,89	0.5454545454545454	30	25	55
positional49,23,51,9,88-21-positional59,15,69,13,82	0.5448717948717948	85	71	156
positional49,23,51,9,88-21-positional59,15,69,13,82	0.5448717948717948	85	71	156
positional49,23,51,9,88-21-positional59,15,69,13,82	0.5448717948717948	85	71	156
positional49,23,51,9,88-21-positional59,15,69,13,82	0.5448717948717948	85	71	156
positional40,24,71,10,89-0-positional40,24,71,10,89	0.5416666666666666	13	11	24
positional48,16,66,11,96-10-positional59,15,69,13,82	0.5377049180327869	492	423	915
positional48,16,66,11,96-10-positional59,15,69,13,82	0.5377049180327869	492	423	915
positional48,16,66,11,96-10-positional59,15,69,13,82	0.5377049180327869	492	423	915
positional48,16,66,11,96-10-positional59,15,69,13,82	0.5377049180327869	492	423	915
positional48,16,66,11,96-10-positional59,15,69,13,82	0.5377049180327869	492	423	915
positional48,16,66,11,96-10-positional59,15,69,13,82	0.5377049180327869	492	423	915
positional48,16,66,11,96-10-positional59,15,69,13,82	0.5377049180327869	492	423	915
positional49,23,51,9,88-21-positional33,28,57,8,88	0.5365853658536586	22	19	41
positional49,23,51,9,88-0-positional40,24,71,10,89	0.5365853658536586	22	19	41
positional59,15,69,13,82-10-positional59,15,69,13,82	0.5263157894736842	20	18	38
positional40,24,71,10,89-22-positional40,24,71,10,89	0.5193370165745856	94	87	181
positional40,24,71,10,89-22-positional40,24,71,10,89	0.5193370165745856	94	87	181
positional40,24,71,10,89-10-positional40,24,71,10,89	0.5189873417721519	41	38	79
positional38,15,55,6,91-13-positional40,24,71,10,89	0.5178571428571429	29	27	56
positional49,23,51,9,88-16-positional33,28,57,8,88	0.5040983606557377	246	242	488
positional49,23,51,9,88-16-positional33,28,57,8,88	0.5040983606557377	246	242	488
positional49,23,51,9,88-16-positional33,28,57,8,88	0.5040983606557377	246	242	488
positional49,23,51,9,88-16-positional33,28,57,8,88	0.5040983606557377	246	242	488
positional49,23,51,9,88-16-positional33,28,57,8,88	0.5040983606557377	246	242	488
positional49,23,51,9,88-16-positional33,28,57,8,88	0.5040983606557377	246	242	488
positional49,23,51,9,88-10-positional59,15,69,13,82	0.5	85	85	170
positional49,23,51,9,88-10-positional59,15,69,13,82	0.5	85	85	170
positional49,23,51,9,88-22-positional40,24,71,10,89	0.5	17	17	34
positional48,16,66,11,96-16-positional33,28,57,8,88	0.5	11	11	22
positional40,24,71,10,89-0-positional40,24,71,10,89	0.4897959183673469	24	25	49
positional48,16,66,11,96-0-positional40,24,71,10,89	0.4866666666666667	73	77	150
positional48,16,66,11,96-0-positional40,24,71,10,89	0.4866666666666667	73	77	150
positional48,16,66,11,96-0-positional40,24,71,10,89	0.4866666666666667	73	77	150
positional49,23,51,9,88-16-positional40,24,71,10,89	0.48	24	26	50
positional59,15,69,13,82-10-positional59,15,69,13,82	0.47619047619047616	10	11	21
positional49,23,51,9,88-16-positional59,15,69,13,82	0.46153846153846156	24	28	52
positional49,23,51,9,88-22-positional40,24,71,10,89	0.46153846153846156	6	7	13
positional38,15,55,6,91-13-positional59,15,69,13,82	0.46153846153846156	18	21	39
positional49,23,51,9,88-13-positional33,28,57,8,88	0.4576271186440678	27	32	59
positional59,15,69,13,82-10-positional59,15,69,13,82	0.45714285714285713	32	38	70
positional49,23,51,9,88-16-positional59,15,69,13,82	0.45454545454545453	5	6	11
positional48,16,66,11,96-10-positional59,15,69,13,82	0.45121951219512196	37	45	82
positional49,23,51,9,88-22-positional40,24,71,10,89	0.4473684210526316	34	42	76
positional40,24,71,10,89-22-positional40,24,71,10,89	0.41935483870967744	26	36	62
positional49,23,51,9,88-22-positional40,24,71,10,89	0.4166666666666667	10	14	24
positional49,23,51,9,88-10-positional40,24,71,10,89	0.3181818181818182	7	15	22
