positional48,16,66,11,96-10-positional59,15,69,13,82	NaN	0	0	0
positional48,16,66,11,96-10-positional59,15,69,13,82	NaN	0	0	0
positional49,23,51,9,88-10-positional59,15,69,13,82	0.8	8	2	10
positional59,15,69,13,82-22-positional40,24,71,10,89	0.5971223021582733	83	56	139
positional48,16,66,11,96-0-positional40,24,71,10,89	0.5957446808510638	28	19	47
positional49,23,51,9,88-0-positional40,24,71,10,89	0.5909090909090909	13	9	22
positional48,16,66,11,96-21-positional59,15,69,13,82	0.5833333333333334	7	5	12
positional40,24,71,10,89-21-positional59,15,69,13,82	0.5833333333333334	21	15	36
positional48,16,66,11,96-10-positional59,15,69,13,82	0.5789473684210527	22	16	38
positional49,23,51,9,88-10-positional59,15,69,13,82	0.5625	27	21	48
positional40,24,71,10,89-10-positional59,15,69,13,82	0.5463917525773195	53	44	97
positional49,23,51,9,88-22-positional40,24,71,10,89	0.5390625	69	59	128
positional49,23,51,9,88-22-positional40,24,71,10,89	0.5390625	69	59	128
positional49,23,51,9,88-22-positional59,15,69,13,82	0.5384615384615384	21	18	39
positional40,24,71,10,89-21-positional59,15,69,13,82	0.5384615384615384	14	12	26
positional48,16,66,11,96-10-positional59,15,69,13,82	0.5366598778004074	527	455	982
positional48,16,66,11,96-10-positional59,15,69,13,82	0.5366598778004074	527	455	982
positional48,16,66,11,96-10-positional59,15,69,13,82	0.5366598778004074	527	455	982
positional48,16,66,11,96-21-positional59,15,69,13,82	0.5342465753424658	78	68	146
positional48,16,66,11,96-21-positional59,15,69,13,82	0.5342465753424658	78	68	146
positional48,16,66,11,96-21-positional59,15,69,13,82	0.5342465753424658	78	68	146
positional49,23,51,9,88-22-positional40,24,71,10,89	0.5303867403314917	96	85	181
positional49,23,51,9,88-22-positional40,24,71,10,89	0.5303867403314917	96	85	181
positional59,15,69,13,82-10-positional59,15,69,13,82	0.5280898876404494	47	42	89
positional59,15,69,13,82-10-positional59,15,69,13,82	0.5280898876404494	47	42	89
positional40,24,71,10,89-10-positional59,15,69,13,82	0.5277777777777778	95	85	180
positional40,24,71,10,89-10-positional59,15,69,13,82	0.5277777777777778	95	85	180
positional40,24,71,10,89-10-positional59,15,69,13,82	0.5277777777777778	95	85	180
positional40,24,71,10,89-10-positional59,15,69,13,82	0.5277777777777778	95	85	180
positional40,24,71,10,89-22-positional40,24,71,10,89	0.5263157894736842	110	99	209
positional40,24,71,10,89-0-positional40,24,71,10,89	0.5233644859813084	56	51	107
positional49,23,51,9,88-10-positional59,15,69,13,82	0.5195729537366548	146	135	281
positional49,23,51,9,88-10-positional59,15,69,13,82	0.5195729537366548	146	135	281
positional49,23,51,9,88-10-positional59,15,69,13,82	0.5195729537366548	146	135	281
positional49,23,51,9,88-10-positional59,15,69,13,82	0.5195729537366548	146	135	281
positional49,23,51,9,88-10-positional59,15,69,13,82	0.5195729537366548	146	135	281
positional49,23,51,9,88-10-positional59,15,69,13,82	0.5195729537366548	146	135	281
positional48,16,66,11,96-0-positional40,24,71,10,89	0.5182926829268293	85	79	164
positional49,23,51,9,88-10-positional59,15,69,13,82	0.5102040816326531	25	24	49
positional40,24,71,10,89-16-positional33,28,57,8,88	0.5066666666666667	38	37	75
positional49,23,51,9,88-22-positional40,24,71,10,89	0.5	29	29	58
positional49,23,51,9,88-21-positional59,15,69,13,82	0.49454545454545457	136	139	275
positional49,23,51,9,88-21-positional59,15,69,13,82	0.49454545454545457	136	139	275
positional49,23,51,9,88-21-positional59,15,69,13,82	0.49454545454545457	136	139	275
positional49,23,51,9,88-21-positional59,15,69,13,82	0.49454545454545457	136	139	275
positional49,23,51,9,88-21-positional59,15,69,13,82	0.49454545454545457	136	139	275
positional49,23,51,9,88-21-positional59,15,69,13,82	0.49454545454545457	136	139	275
positional49,23,51,9,88-16-positional33,28,57,8,88	0.4846153846153846	63	67	130
positional49,23,51,9,88-16-positional33,28,57,8,88	0.4846153846153846	63	67	130
positional49,23,51,9,88-16-positional33,28,57,8,88	0.4846153846153846	63	67	130
positional49,23,51,9,88-0-positional40,24,71,10,89	0.4805194805194805	37	40	77
positional49,23,51,9,88-10-positional59,15,69,13,82	0.47619047619047616	10	11	21
positional49,23,51,9,88-10-positional40,24,71,10,89	0.4583333333333333	11	13	24
positional48,16,66,11,96-10-positional59,15,69,13,82	0.4423076923076923	23	29	52
positional59,15,69,13,82-16-positional33,28,57,8,88	0.43902439024390244	18	23	41
positional49,23,51,9,88-10-positional40,24,71,10,89	0.4358974358974359	17	22	39
positional48,16,66,11,96-16-positional33,28,57,8,88	0.43103448275862066	25	33	58
positional48,16,66,11,96-21-positional59,15,69,13,82	0.4230769230769231	11	15	26
positional49,23,51,9,88-21-positional33,28,57,8,88	0.4166666666666667	5	7	12
positional49,23,51,9,88-10-positional59,15,69,13,82	0.25	3	9	12
