positional49,23,51,9,88-22-positional40,24,71,10,89	NaN	0	0	0
positional49,23,51,9,88-21-positional59,15,69,13,82	0.64	16	9	25
positional49,23,51,9,88-10-positional59,15,69,13,82	0.6129032258064516	57	36	93
positional49,23,51,9,88-10-positional59,15,69,13,82	0.6129032258064516	57	36	93
positional49,23,51,9,88-0-positional40,24,71,10,89	0.6086956521739131	14	9	23
positional59,15,69,13,82-10-positional59,15,69,13,82	0.6	27	18	45
positional49,23,51,9,88-0-positional40,24,71,10,89	0.5909090909090909	26	18	44
positional49,23,51,9,88-0-positional40,24,71,10,89	0.5769230769230769	15	11	26
positional59,15,69,13,82-22-positional40,24,71,10,89	0.5738636363636364	101	75	176
positional59,15,69,13,82-22-positional40,24,71,10,89	0.5738636363636364	101	75	176
positional40,24,71,10,89-21-positional59,15,69,13,82	0.5573770491803278	34	27	61
positional48,16,66,11,96-10-positional59,15,69,13,82	0.5465116279069767	47	39	86
positional48,16,66,11,96-10-positional59,15,69,13,82	0.5465116279069767	47	39	86
positional49,23,51,9,88-22-positional40,24,71,10,89	0.5448717948717948	170	142	312
positional49,23,51,9,88-22-positional40,24,71,10,89	0.5448717948717948	170	142	312
positional49,23,51,9,88-22-positional40,24,71,10,89	0.5448717948717948	170	142	312
positional49,23,51,9,88-22-positional40,24,71,10,89	0.5448717948717948	170	142	312
positional49,23,51,9,88-22-positional40,24,71,10,89	0.5448717948717948	170	142	312
positional49,23,51,9,88-22-positional40,24,71,10,89	0.5448717948717948	170	142	312
positional49,23,51,9,88-10-positional59,15,69,13,82	0.5382585751978892	204	175	379
positional49,23,51,9,88-10-positional59,15,69,13,82	0.5382585751978892	204	175	379
positional49,23,51,9,88-10-positional59,15,69,13,82	0.5382585751978892	204	175	379
positional48,16,66,11,96-0-positional40,24,71,10,89	0.5319148936170213	75	66	141
positional48,16,66,11,96-0-positional40,24,71,10,89	0.5319148936170213	75	66	141
positional48,16,66,11,96-0-positional40,24,71,10,89	0.5319148936170213	75	66	141
positional40,24,71,10,89-21-positional59,15,69,13,82	0.5294117647058824	72	64	136
positional40,24,71,10,89-21-positional59,15,69,13,82	0.5294117647058824	72	64	136
positional40,24,71,10,89-21-positional59,15,69,13,82	0.5294117647058824	72	64	136
positional49,23,51,9,88-10-positional59,15,69,13,82	0.5277777777777778	19	17	36
positional49,23,51,9,88-10-positional59,15,69,13,82	0.5238095238095238	33	30	63
positional40,24,71,10,89-21-positional59,15,69,13,82	0.5217391304347826	12	11	23
positional49,23,51,9,88-22-positional40,24,71,10,89	0.5212121212121212	86	79	165
positional49,23,51,9,88-10-positional59,15,69,13,82	0.5135135135135135	19	18	37
positional49,23,51,9,88-10-positional59,15,69,13,82	0.5135135135135135	19	18	37
positional49,23,51,9,88-22-positional59,15,69,13,82	0.5131578947368421	39	37	76
positional49,23,51,9,88-22-positional59,15,69,13,82	0.5131578947368421	39	37	76
positional40,24,71,10,89-10-positional59,15,69,13,82	0.5116279069767442	132	126	258
positional40,24,71,10,89-10-positional59,15,69,13,82	0.5116279069767442	132	126	258
positional40,24,71,10,89-10-positional59,15,69,13,82	0.5116279069767442	132	126	258
positional40,24,71,10,89-10-positional59,15,69,13,82	0.5116279069767442	132	126	258
positional59,15,69,13,82-10-positional59,15,69,13,82	0.5045045045045045	56	55	111
positional59,15,69,13,82-10-positional59,15,69,13,82	0.5045045045045045	56	55	111
positional48,16,66,11,96-21-positional59,15,69,13,82	0.5	18	18	36
positional49,23,51,9,88-10-positional59,15,69,13,82	0.5	6	6	12
positional48,16,66,11,96-21-positional59,15,69,13,82	0.4930555555555556	142	146	288
positional48,16,66,11,96-21-positional59,15,69,13,82	0.4930555555555556	142	146	288
positional48,16,66,11,96-21-positional59,15,69,13,82	0.4930555555555556	142	146	288
positional48,16,66,11,96-21-positional59,15,69,13,82	0.4930555555555556	142	146	288
positional48,16,66,11,96-22-positional40,24,71,10,89	0.47619047619047616	40	44	84
positional48,16,66,11,96-21-positional59,15,69,13,82	0.4634146341463415	19	22	41
positional49,23,51,9,88-10-positional59,15,69,13,82	0.4583333333333333	11	13	24
positional49,23,51,9,88-21-positional59,15,69,13,82	0.4406779661016949	26	33	59
positional48,16,66,11,96-10-positional59,15,69,13,82	0.42857142857142855	27	36	63
positional49,23,51,9,88-10-positional59,15,69,13,82	0.4166666666666667	15	21	36
positional49,23,51,9,88-22-positional40,24,71,10,89	0.4166666666666667	15	21	36
positional59,15,69,13,82-10-positional59,15,69,13,82	0.4	4	6	10
positional40,24,71,10,89-10-positional59,15,69,13,82	0.3898305084745763	23	36	59
positional49,23,51,9,88-10-positional59,15,69,13,82	0.375	9	15	24
positional40,24,71,10,89-0-positional40,24,71,10,89	0.3333333333333333	4	8	12
positional40,24,71,10,89-21-positional59,15,69,13,82	0.3	3	7	10
