positional49,23,51,9,88-10-positional40,24,71,10,89	0.5706521739130435	105	79	184
positional49,23,51,9,88-0-positional40,24,71,10,89	0.5668449197860963	106	81	187
positional49,23,51,9,88-0-positional59,15,69,13,82	0.5445544554455446	110	92	202
positional40,24,71,10,89-22-positional59,15,69,13,82	0.538961038961039	83	71	154
positional49,23,51,9,88-10-positional59,15,69,13,82	0.5369458128078818	109	94	203
positional49,23,51,9,88-0-positional40,24,71,10,89	0.5345911949685535	255	222	477
positional49,23,51,9,88-0-positional40,24,71,10,89	0.5345911949685535	255	222	477
positional49,23,51,9,88-0-positional40,24,71,10,89	0.5345911949685535	255	222	477
positional40,24,71,10,89-10-positional40,24,71,10,89	0.532258064516129	33	29	62
positional49,23,51,9,88-21-positional59,15,69,13,82	0.5296803652968036	116	103	219
positional49,23,51,9,88-21-positional59,15,69,13,82	0.5296803652968036	116	103	219
positional49,23,51,9,88-10-positional59,15,69,13,82	0.5281065088757396	357	319	676
positional49,23,51,9,88-10-positional59,15,69,13,82	0.5281065088757396	357	319	676
positional49,23,51,9,88-10-positional59,15,69,13,82	0.5281065088757396	357	319	676
positional49,23,51,9,88-10-positional59,15,69,13,82	0.5281065088757396	357	319	676
positional49,23,51,9,88-10-positional59,15,69,13,82	0.5281065088757396	357	319	676
positional49,23,51,9,88-0-positional59,15,69,13,82	0.5249130938586327	453	410	863
positional49,23,51,9,88-0-positional59,15,69,13,82	0.5249130938586327	453	410	863
positional49,23,51,9,88-10-positional59,15,69,13,82	0.5231560891938251	305	278	583
positional49,23,51,9,88-10-positional59,15,69,13,82	0.5231560891938251	305	278	583
positional49,23,51,9,88-10-positional59,15,69,13,82	0.5231560891938251	305	278	583
positional49,23,51,9,88-10-positional59,15,69,13,82	0.5222672064777328	129	118	247
positional49,23,51,9,88-10-positional59,15,69,13,82	0.5222672064777328	129	118	247
positional49,23,51,9,88-10-positional59,15,69,13,82	0.5168539325842697	92	86	178
positional49,23,51,9,88-0-positional40,24,71,10,89	0.5160680529300568	273	256	529
positional49,23,51,9,88-0-positional40,24,71,10,89	0.5160680529300568	273	256	529
positional49,23,51,9,88-0-positional40,24,71,10,89	0.5160680529300568	273	256	529
positional49,23,51,9,88-0-positional40,24,71,10,89	0.5143603133159269	197	186	383
positional49,23,51,9,88-0-positional40,24,71,10,89	0.5143603133159269	197	186	383
positional49,23,51,9,88-0-positional40,24,71,10,89	0.5143603133159269	197	186	383
positional49,23,51,9,88-0-positional59,15,69,13,82	0.5121951219512195	84	80	164
positional49,23,51,9,88-0-positional59,15,69,13,82	0.512	64	61	125
positional49,23,51,9,88-21-positional59,15,69,13,82	0.5107913669064749	142	136	278
positional49,23,51,9,88-22-positional59,15,69,13,82	0.5106382978723404	72	69	141
positional49,23,51,9,88-22-positional40,24,71,10,89	0.5072115384615384	211	205	416
positional49,23,51,9,88-22-positional40,24,71,10,89	0.5072115384615384	211	205	416
positional49,23,51,9,88-22-positional40,24,71,10,89	0.5072115384615384	211	205	416
positional40,24,71,10,89-22-positional40,24,71,10,89	0.5046511627906977	217	213	430
positional40,24,71,10,89-22-positional40,24,71,10,89	0.5046511627906977	217	213	430
positional40,24,71,10,89-22-positional40,24,71,10,89	0.5046511627906977	217	213	430
positional49,23,51,9,88-22-positional40,24,71,10,89	0.5031446540880503	80	79	159
positional49,23,51,9,88-10-positional59,15,69,13,82	0.5	98	98	196
positional49,23,51,9,88-22-positional40,24,71,10,89	0.49230769230769234	96	99	195
positional40,24,71,10,89-10-positional59,15,69,13,82	0.49044585987261147	154	160	314
positional40,24,71,10,89-22-positional40,24,71,10,89	0.4895287958115183	187	195	382
positional40,24,71,10,89-22-positional40,24,71,10,89	0.4895287958115183	187	195	382
positional49,23,51,9,88-0-positional59,15,69,13,82	0.4883720930232558	84	88	172
positional49,23,51,9,88-0-positional40,24,71,10,89	0.4879518072289157	81	85	166
positional49,23,51,9,88-10-positional40,24,71,10,89	0.4868421052631579	74	78	152
positional49,23,51,9,88-21-positional59,15,69,13,82	0.4838709677419355	90	96	186
positional40,24,71,10,89-22-positional40,24,71,10,89	0.4807692307692308	100	108	208
positional49,23,51,9,88-0-positional40,24,71,10,89	0.46875	150	170	320
positional49,23,51,9,88-0-positional40,24,71,10,89	0.46875	150	170	320
positional49,23,51,9,88-22-positional59,15,69,13,82	0.4670138888888889	269	307	576
positional49,23,51,9,88-22-positional59,15,69,13,82	0.4670138888888889	269	307	576
positional49,23,51,9,88-22-positional59,15,69,13,82	0.4670138888888889	269	307	576
positional49,23,51,9,88-10-positional59,15,69,13,82	0.46496815286624205	73	84	157
positional49,23,51,9,88-22-positional40,24,71,10,89	0.45525291828793774	117	140	257
positional49,23,51,9,88-10-positional59,15,69,13,82	0.44	44	56	100
positional49,23,51,9,88-10-positional40,24,71,10,89	0.4226190476190476	71	97	168
