greedy-19-positional53,25,68,8,93	0.8461538461538461	11	2	13
greedy-12-positional33,15,78,4,83	0.8	32	8	40
positional51,25,64,9,99	0.7857142857142857	11	3	14
positional40,29,70,7,83	0.7857142857142857	22	6	28
positional32,22,52,8,99	0.782608695652174	54	15	69
positional41,20,56,9,96-18-positional30,27,59,10,97	0.7818181818181819	43	12	55
positional44,26,66,10,95	0.7777777777777778	21	6	27
stable0.54-6-positional57,17,77,11,92	0.7777777777777778	21	6	27
positional52,31,69,2,95	0.7530864197530864	61	20	81
positional35,15,51,5,91	0.7407407407407407	20	7	27
positional33,28,55,12,89	0.7307692307692307	19	7	26
positional55,31,55,6,93	0.717948717948718	28	11	39
positional46,15,62,10,82	0.7142857142857143	10	4	14
positional51,19,54,9,88	0.7142857142857143	10	4	14
stable0.80-12-positional40,21,69,14,80	0.6428571428571429	18	10	28
positional33,17,62,3,97	0.6410256410256411	25	14	39
positional58,22,68,11,94-23-positional49,30,59,6,90	0.6153846153846154	16	10	26
greedy	0.6071428571428571	17	11	28
corners-18-positional41,23,76,13,90	0.5925925925925926	16	11	27
positional51,17,73,10,94	0.5714285714285714	8	6	14
stable0.49-13-mobility0.89	0.5263157894736842	20	18	38
stable0.91-15-stable0.67	0.525	21	19	40
mobility0.25	0.5185185185185185	14	13	27
stable0.20	0.5	14	14	28
mobility0.40-5-positional53,23,78,7,89	0.5	7	7	14
positional41,31,65,3,97-23-greedy	0.4909090909090909	27	28	55
stable0.97	0.48148148148148145	13	14	27
mobility0.01	0.47619047619047616	20	22	42
mobility0.78-24-mobility0.05	0.4727272727272727	26	29	55
mobility0.83-14-positional59,30,77,11,99	0.4642857142857143	13	15	28
corners-14-greedy	0.4634146341463415	19	22	41
greedy-13-stable0.31	0.46296296296296297	25	29	54
mobility0.66-22-corners	0.46153846153846156	12	14	26
mobility0.18-18-mobility0.33	0.45588235294117646	31	37	68
mobility1.00	0.43636363636363634	24	31	55
stable0.00-23-corners	0.4339622641509434	23	30	53
mobility0.23	0.42857142857142855	12	16	28
mobility0.63-22-corners	0.42857142857142855	12	16	28
greedy-21-corners	0.4166666666666667	5	7	12
mobility0.85-16-stable0.61	0.4074074074074074	11	16	27
corners-21-stable0.92	0.4074074074074074	22	32	54
corners	0.4	16	24	40
stable0.11-17-greedy	0.4	22	33	55
stable0.68	0.39285714285714285	11	17	28
stable0.43	0.38461538461538464	15	24	39
greedy-11-corners	0.38461538461538464	5	8	13
corners-16-stable0.46	0.38461538461538464	15	24	39
mobility0.88	0.3780487804878049	31	51	82
positional40,26,56,7,99-9-greedy	0.358974358974359	14	25	39
corners-15-greedy	0.34545454545454546	19	36	55
mobility0.93-15-stable0.62	0.34328358208955223	23	44	67
corners-15-mobility0.93	0.3392857142857143	19	37	56
stable0.86	0.3076923076923077	4	9	13
stable0.37-24-corners	0.3076923076923077	12	27	39
mobility0.12-9-stable0.23	0.2962962962962963	8	19	27
corners-8-corners	0.28205128205128205	11	28	39
stable1.00	0.275	11	29	40
mobility0.84	0.2222222222222222	6	21	27
greedy-23-corners	0.21428571428571427	3	11	14
stable0.87-24-mobility0.13	0.14285714285714285	2	12	14
