positional52,31,69,2,95	NaN	0	0	0
positional52,31,69,2,95	NaN	0	0	0
positional44,26,66,10,95	0.7142857142857143	10	4	14
positional33,17,62,3,97	0.6236559139784946	58	35	93
positional35,15,51,5,91-12-positional33,15,78,4,83	0.6216216216216216	23	14	37
positional52,31,69,2,95	0.6078431372549019	31	20	51
positional52,31,69,2,95	0.6078431372549019	31	20	51
positional52,31,69,2,95	0.5882352941176471	50	35	85
positional35,15,51,5,91	0.5769230769230769	15	11	26
positional44,26,66,10,95	0.5553021664766249	487	390	877
positional44,26,66,10,95	0.5553021664766249	487	390	877
positional44,26,66,10,95	0.5538461538461539	36	29	65
positional35,15,51,5,91	0.5454545454545454	114	95	209
positional35,15,51,5,91	0.5454545454545454	114	95	209
positional35,15,51,5,91	0.5454545454545454	114	95	209
positional52,31,69,2,95	0.5428571428571428	19	16	35
positional52,31,69,2,95	0.5416666666666666	52	44	96
positional44,26,66,10,95	0.5416666666666666	13	11	24
positional52,31,69,2,95	0.5416666666666666	52	44	96
positional52,31,69,2,95	0.5405405405405406	20	17	37
positional35,15,51,5,91	0.5402597402597402	208	177	385
positional35,15,51,5,91	0.5402597402597402	208	177	385
positional35,15,51,5,91	0.5402597402597402	208	177	385
positional33,17,62,3,97-12-positional33,15,78,4,83	0.5283018867924528	28	25	53
positional35,15,51,5,91-0-positional33,15,78,4,83	0.5217391304347826	12	11	23
positional52,31,69,2,95-12-positional33,15,78,4,83	0.5167464114832536	216	202	418
positional52,31,69,2,95-12-positional33,15,78,4,83	0.5167464114832536	216	202	418
positional52,31,69,2,95-12-positional33,15,78,4,83	0.5167464114832536	216	202	418
positional52,31,69,2,95-12-positional33,15,78,4,83	0.5167464114832536	216	202	418
positional52,31,69,2,95-12-positional33,15,78,4,83	0.5167464114832536	216	202	418
positional52,31,69,2,95-12-positional33,15,78,4,83	0.5167464114832536	216	202	418
positional52,31,69,2,95-12-positional33,15,78,4,83	0.5167464114832536	216	202	418
positional52,31,69,2,95-12-positional33,15,78,4,83	0.5167464114832536	216	202	418
positional52,31,69,2,95-12-positional33,15,78,4,83	0.5167464114832536	216	202	418
positional52,31,69,2,95-12-positional33,15,78,4,83	0.5167464114832536	216	202	418
positional52,31,69,2,95-12-positional33,15,78,4,83	0.5167464114832536	216	202	418
positional44,26,66,10,95-12-positional33,15,78,4,83	0.5157894736842106	98	92	190
positional44,26,66,10,95-12-positional33,15,78,4,83	0.5157894736842106	98	92	190
positional44,26,66,10,95-12-positional33,15,78,4,83	0.5157894736842106	98	92	190
positional35,15,51,5,91	0.5128205128205128	20	19	39
positional35,15,51,5,91	0.5102040816326531	100	96	196
positional35,15,51,5,91	0.5102040816326531	100	96	196
positional35,15,51,5,91	0.5102040816326531	100	96	196
positional35,15,51,5,91	0.5102040816326531	100	96	196
positional52,31,69,2,95	0.504950495049505	51	50	101
positional44,26,66,10,95	0.5	86	86	172
positional44,26,66,10,95	0.5	86	86	172
positional52,31,69,2,95	0.5	9	9	18
positional52,31,69,2,95	0.5	19	19	38
positional52,31,69,2,95	0.49489795918367346	97	99	196
positional52,31,69,2,95	0.49489795918367346	97	99	196
positional35,15,51,5,91	0.47540983606557374	29	32	61
positional35,15,51,5,91	0.4444444444444444	16	20	36
positional52,31,69,2,95-12-positional33,15,78,4,83	0.4358974358974359	17	22	39
positional44,26,66,10,95-0-positional30,27,59,10,97	0.42857142857142855	33	44	77
positional52,31,69,2,95	0.425531914893617	20	27	47
positional35,15,51,5,91	0.32	8	17	25
positional35,15,51,5,91-0-positional33,15,78,4,83	0.2857142857142857	4	10	14
positional35,15,51,5,91-0-positional33,15,78,4,83	0.2857142857142857	4	10	14
positional52,31,69,2,95	0.15384615384615385	2	11	13
