positional44,26,66,10,95	0.6829268292682927	28	13	41
positional33,17,62,3,97-0-positional33,15,78,4,83	0.6666666666666666	16	8	24
positional35,15,51,5,91	0.625	15	9	24
positional33,17,62,3,97	0.6153846153846154	8	5	13
positional52,31,69,2,95	0.6125	49	31	80
positional52,31,69,2,95	0.5833333333333334	7	5	12
positional52,31,69,2,95	0.575	92	68	160
positional52,31,69,2,95	0.5735294117647058	39	29	68
positional33,17,62,3,97	0.5714285714285714	28	21	49
positional52,31,69,2,95	0.5675675675675675	84	64	148
positional52,31,69,2,95	0.5675675675675675	84	64	148
positional35,15,51,5,91	0.5625	18	14	32
positional44,26,66,10,95	0.5549738219895288	530	425	955
positional44,26,66,10,95	0.5549738219895288	530	425	955
positional44,26,66,10,95	0.5549738219895288	530	425	955
positional44,26,66,10,95	0.5549738219895288	530	425	955
positional35,15,51,5,91-0-positional33,15,78,4,83	0.5531914893617021	26	21	47
positional35,15,51,5,91-0-positional33,15,78,4,83	0.5531914893617021	26	21	47
positional33,17,62,3,97-12-positional33,15,78,4,83	0.5391304347826087	62	53	115
positional44,26,66,10,95	0.5384615384615384	7	6	13
positional33,17,62,3,97	0.5379746835443038	85	73	158
positional33,17,62,3,97	0.5379746835443038	85	73	158
positional33,17,62,3,97	0.5379746835443038	85	73	158
positional33,17,62,3,97	0.5379746835443038	85	73	158
positional44,26,66,10,95-12-positional33,15,78,4,83	0.5375939849624061	143	123	266
positional44,26,66,10,95-12-positional33,15,78,4,83	0.5375939849624061	143	123	266
positional44,26,66,10,95-12-positional33,15,78,4,83	0.5375939849624061	143	123	266
positional35,15,51,5,91	0.5337423312883436	261	228	489
positional35,15,51,5,91	0.5337423312883436	261	228	489
positional35,15,51,5,91	0.5337423312883436	261	228	489
positional35,15,51,5,91	0.524822695035461	148	134	282
positional35,15,51,5,91	0.52	26	24	50
positional35,15,51,5,91	0.5192307692307693	27	25	52
positional44,26,66,10,95	0.5192307692307693	27	25	52
positional52,31,69,2,95	0.5175438596491229	59	55	114
positional35,15,51,5,91	0.5024154589371981	104	103	207
positional52,31,69,2,95	0.5	12	12	24
positional35,15,51,5,91	0.5	26	26	52
positional52,31,69,2,95-12-positional33,15,78,4,83	0.4990328820116054	258	259	517
positional52,31,69,2,95-12-positional33,15,78,4,83	0.4990328820116054	258	259	517
positional52,31,69,2,95-12-positional33,15,78,4,83	0.4990328820116054	258	259	517
positional52,31,69,2,95-12-positional33,15,78,4,83	0.4990328820116054	258	259	517
positional35,15,51,5,91	0.4942528735632184	43	44	87
positional35,15,51,5,91-12-positional33,15,78,4,83	0.48905109489051096	67	70	137
positional35,15,51,5,91-12-positional33,15,78,4,83	0.48905109489051096	67	70	137
positional35,15,51,5,91-12-positional33,15,78,4,83	0.48905109489051096	67	70	137
positional35,15,51,5,91	0.4878048780487805	20	21	41
positional52,31,69,2,95	0.47368421052631576	18	20	38
positional52,31,69,2,95	0.47058823529411764	24	27	51
positional35,15,51,5,91	0.46153846153846156	6	7	13
positional33,17,62,3,97	0.45714285714285713	16	19	35
positional44,26,66,10,95	0.45454545454545453	10	12	22
positional44,26,66,10,95	0.45251396648044695	81	98	179
positional44,26,66,10,95	0.45251396648044695	81	98	179
positional44,26,66,10,95	0.45251396648044695	81	98	179
positional44,26,66,10,95	0.45251396648044695	81	98	179
positional52,31,69,2,95	0.425	17	23	40
positional35,15,51,5,91-0-positional33,15,78,4,83	0.42	21	29	50
positional44,26,66,10,95	0.3829787234042553	18	29	47
positional35,15,51,5,91-12-positional33,15,78,4,83	0.3783783783783784	14	23	37
