positional44,26,66,10,95	0.74	37	13	50
positional35,15,51,5,91	0.68	17	8	25
positional35,15,51,5,91	0.6632653061224489	65	33	98
positional35,15,51,5,91	0.6632653061224489	65	33	98
positional32,22,52,8,99-0-positional33,15,78,4,83	0.6428571428571429	9	5	14
positional33,17,62,3,97	0.6212121212121212	82	50	132
positional33,17,62,3,97	0.6212121212121212	82	50	132
positional40,29,70,7,83	0.6142857142857143	86	54	140
positional40,29,70,7,83	0.6142857142857143	86	54	140
positional41,20,56,9,96	0.6071428571428571	17	11	28
greedy-12-positional33,15,78,4,83	0.6012658227848101	95	63	158
greedy-12-positional33,15,78,4,83	0.6012658227848101	95	63	158
positional41,20,56,9,96-18-positional30,27,59,10,97	0.5990990990990991	133	89	222
positional41,20,56,9,96-18-positional30,27,59,10,97	0.5990990990990991	133	89	222
positional41,20,56,9,96-18-positional30,27,59,10,97	0.5990990990990991	133	89	222
positional55,31,55,6,93	0.5944444444444444	107	73	180
positional51,25,64,9,99	0.5833333333333334	28	20	48
positional32,22,52,8,99	0.5813008130081301	143	103	246
positional32,22,52,8,99	0.5813008130081301	143	103	246
positional32,22,52,8,99	0.5813008130081301	143	103	246
positional32,22,52,8,99	0.5813008130081301	143	103	246
stable0.54-6-positional57,17,77,11,92	0.5806451612903226	72	52	124
stable0.54-6-positional57,17,77,11,92	0.5806451612903226	72	52	124
stable0.54-6-positional57,17,77,11,92	0.5806451612903226	72	52	124
positional35,15,51,5,91-0-positional57,17,77,11,92	0.5769230769230769	15	11	26
positional51,25,64,9,99	0.5766423357664233	79	58	137
positional51,25,64,9,99	0.5766423357664233	79	58	137
positional51,25,64,9,99	0.5766423357664233	79	58	137
positional52,31,69,2,95	0.5763157894736842	219	161	380
positional52,31,69,2,95	0.5763157894736842	219	161	380
positional52,31,69,2,95	0.5763157894736842	219	161	380
positional52,31,69,2,95	0.5763157894736842	219	161	380
positional52,31,69,2,95	0.5763157894736842	219	161	380
positional52,31,69,2,95	0.5763157894736842	219	161	380
positional52,31,69,2,95	0.5763157894736842	219	161	380
positional52,31,69,2,95	0.5763157894736842	219	161	380
greedy-19-positional53,25,68,8,93	0.5620437956204379	77	60	137
greedy-19-positional53,25,68,8,93	0.5620437956204379	77	60	137
positional52,31,69,2,95	0.5428571428571428	38	32	70
positional51,19,54,9,88	0.5420560747663551	58	49	107
positional51,19,54,9,88	0.5420560747663551	58	49	107
positional52,31,69,2,95	0.5384615384615384	14	12	26
positional44,26,66,10,95	0.535	107	93	200
positional44,26,66,10,95	0.535	107	93	200
positional44,26,66,10,95	0.535	107	93	200
positional32,22,52,8,99	0.5217391304347826	12	11	23
positional51,19,54,9,88-0-positional30,27,59,10,97	0.5185185185185185	14	13	27
positional52,31,69,2,95-6-positional57,17,77,11,92	0.5135135135135135	19	18	37
positional52,31,69,2,95-0-positional33,15,78,4,83	0.5135135135135135	19	18	37
positional55,31,55,6,93	0.48148148148148145	13	14	27
positional44,26,66,10,95-0-positional53,25,68,8,93	0.47540983606557374	29	32	61
positional52,31,69,2,95-0-positional57,17,77,11,92	0.475	19	21	40
positional52,31,69,2,95	0.4740740740740741	64	71	135
positional52,31,69,2,95	0.4740740740740741	64	71	135
positional52,31,69,2,95	0.47058823529411764	8	9	17
positional41,20,56,9,96	0.4166666666666667	5	7	12
positional44,26,66,10,95	0.4090909090909091	9	13	22
positional52,31,69,2,95	0.3888888888888889	14	22	36
positional52,31,69,2,95	0.23076923076923078	3	10	13
greedy	0.16666666666666666	6	30	36
