positional44,26,66,10,95	0.6952380952380952	73	32	105
positional44,26,66,10,95	0.6952380952380952	73	32	105
positional41,20,56,9,96	0.625	15	9	24
positional33,17,62,3,97	0.5955555555555555	134	91	225
positional33,17,62,3,97	0.5955555555555555	134	91	225
positional33,17,62,3,97	0.5955555555555555	134	91	225
positional33,17,62,3,97	0.5955555555555555	134	91	225
positional33,17,62,3,97	0.5955555555555555	134	91	225
positional32,22,52,8,99-0-positional33,15,78,4,83	0.5897435897435898	23	16	39
greedy-12-positional33,15,78,4,83	0.5848375451263538	162	115	277
greedy-12-positional33,15,78,4,83	0.5848375451263538	162	115	277
greedy-12-positional33,15,78,4,83	0.5848375451263538	162	115	277
greedy-12-positional33,15,78,4,83	0.5848375451263538	162	115	277
positional52,31,69,2,95	0.5843621399176955	284	202	486
positional52,31,69,2,95	0.5843621399176955	284	202	486
positional52,31,69,2,95	0.5843621399176955	284	202	486
positional40,29,70,7,83	0.5833333333333334	7	5	12
positional41,20,56,9,96	0.5833333333333334	7	5	12
positional41,20,56,9,96-18-positional30,27,59,10,97	0.5830721003134797	186	133	319
positional41,20,56,9,96-18-positional30,27,59,10,97	0.5830721003134797	186	133	319
positional41,20,56,9,96-18-positional30,27,59,10,97	0.5830721003134797	186	133	319
positional41,20,56,9,96-18-positional30,27,59,10,97	0.5830721003134797	186	133	319
positional41,20,56,9,96-18-positional30,27,59,10,97	0.5830721003134797	186	133	319
positional40,29,70,7,83	0.5769230769230769	150	110	260
positional40,29,70,7,83	0.5769230769230769	150	110	260
positional40,29,70,7,83	0.5769230769230769	150	110	260
positional40,29,70,7,83	0.5769230769230769	150	110	260
positional40,29,70,7,83	0.5769230769230769	150	110	260
positional35,15,51,5,91	0.5735294117647058	117	87	204
positional35,15,51,5,91	0.5735294117647058	117	87	204
positional35,15,51,5,91	0.5735294117647058	117	87	204
positional35,15,51,5,91	0.5735294117647058	117	87	204
positional32,22,52,8,99	0.5734265734265734	164	122	286
positional44,26,66,10,95-18-positional30,27,59,10,97	0.5714285714285714	20	15	35
positional33,17,62,3,97	0.5675675675675675	21	16	37
positional51,25,64,9,99	0.5528455284552846	136	110	246
positional51,25,64,9,99	0.5528455284552846	136	110	246
positional51,25,64,9,99	0.5528455284552846	136	110	246
stable0.54-6-positional57,17,77,11,92	0.5483870967741935	102	84	186
positional35,15,51,5,91	0.5454545454545454	36	30	66
positional32,22,52,8,99	0.5384615384615384	21	18	39
positional52,31,69,2,95-6-positional57,17,77,11,92	0.5340909090909091	47	41	88
positional35,15,51,5,91	0.5306122448979592	52	46	98
positional35,15,51,5,91	0.5306122448979592	52	46	98
positional40,29,70,7,83	0.5263157894736842	10	9	19
positional44,26,66,10,95	0.5150214592274678	120	113	233
positional41,20,56,9,96	0.5102040816326531	25	24	49
positional52,31,69,2,95-0-positional33,15,78,4,83	0.5058823529411764	43	42	85
positional52,31,69,2,95	0.5	17	17	34
positional35,15,51,5,91	0.5	18	18	36
positional41,20,56,9,96	0.46153846153846156	6	7	13
positional40,29,70,7,83	0.4473684210526316	17	21	38
positional51,25,64,9,99-18-positional30,27,59,10,97	0.4166666666666667	10	14	24
stable0.54	0.38461538461538464	5	8	13
positional52,31,69,2,95	0.36	9	16	25
positional33,17,62,3,97-18-positional30,27,59,10,97	0.3333333333333333	4	8	12
greedy-0-positional33,15,78,4,83	0.2916666666666667	7	17	24
greedy	0.23076923076923078	12	40	52
greedy	0.10204081632653061	5	44	49
greedy	0.08333333333333333	1	11	12
