positional33,17,62,3,97	NaN	0	0	0
positional35,15,51,5,91	0.6106194690265486	69	44	113
positional35,15,51,5,91	0.6106194690265486	69	44	113
positional33,17,62,3,97	0.6101694915254238	36	23	59
greedy-12-positional33,15,78,4,83	0.5809199318568995	341	246	587
greedy-12-positional33,15,78,4,83	0.5809199318568995	341	246	587
greedy-12-positional33,15,78,4,83	0.5809199318568995	341	246	587
positional33,17,62,3,97	0.5785123966942148	70	51	121
positional33,17,62,3,97	0.5785123966942148	70	51	121
positional33,17,62,3,97	0.5785123966942148	70	51	121
positional33,17,62,3,97	0.5785123966942148	70	51	121
positional33,17,62,3,97	0.5775862068965517	67	49	116
positional33,17,62,3,97	0.5775862068965517	67	49	116
positional33,17,62,3,97	0.575	23	17	40
positional41,20,56,9,96	0.5714285714285714	8	6	14
positional52,31,69,2,95	0.5707547169811321	121	91	212
positional52,31,69,2,95	0.5707547169811321	121	91	212
positional52,31,69,2,95	0.5707547169811321	121	91	212
positional41,20,56,9,96	0.5686274509803921	29	22	51
positional44,26,66,10,95	0.5667870036101083	314	240	554
positional44,26,66,10,95	0.5667870036101083	314	240	554
positional44,26,66,10,95	0.5667870036101083	314	240	554
positional44,26,66,10,95	0.5667870036101083	314	240	554
positional44,26,66,10,95	0.5667870036101083	314	240	554
positional35,15,51,5,91	0.5625	27	21	48
positional41,20,56,9,96	0.556786703601108	201	160	361
positional41,20,56,9,96	0.556786703601108	201	160	361
positional41,20,56,9,96	0.556786703601108	201	160	361
positional41,20,56,9,96	0.556786703601108	201	160	361
positional41,20,56,9,96	0.556786703601108	201	160	361
positional33,17,62,3,97	0.5555555555555556	80	64	144
positional33,17,62,3,97	0.5555555555555556	80	64	144
positional33,17,62,3,97	0.5555555555555556	80	64	144
positional33,17,62,3,97	0.5555555555555556	80	64	144
positional33,17,62,3,97	0.5490196078431373	28	23	51
positional35,15,51,5,91	0.5478260869565217	63	52	115
positional35,15,51,5,91	0.5478260869565217	63	52	115
positional33,17,62,3,97-0-positional30,27,59,10,97	0.5384615384615384	14	12	26
positional52,31,69,2,95	0.5384615384615384	14	12	26
positional41,20,56,9,96	0.5333333333333333	56	49	105
positional52,31,69,2,95	0.5306122448979592	26	23	49
positional35,15,51,5,91-0-positional30,27,59,10,97	0.5153846153846153	67	63	130
positional35,15,51,5,91-0-positional30,27,59,10,97	0.5153846153846153	67	63	130
positional35,15,51,5,91-0-positional30,27,59,10,97	0.5153846153846153	67	63	130
positional44,26,66,10,95	0.5084745762711864	30	29	59
positional52,31,69,2,95	0.5081967213114754	31	30	61
positional52,31,69,2,95-0-positional33,15,78,4,83	0.5	22	22	44
positional33,17,62,3,97	0.4883720930232558	42	44	86
positional35,15,51,5,91	0.48	12	13	25
positional52,31,69,2,95	0.47435897435897434	37	41	78
positional52,31,69,2,95	0.47435897435897434	37	41	78
positional35,15,51,5,91	0.45555555555555555	41	49	90
positional33,17,62,3,97	0.45454545454545453	5	6	11
positional33,17,62,3,97	0.4444444444444444	4	5	9
positional41,20,56,9,96	0.4166666666666667	5	7	12
positional41,20,56,9,96-0-positional30,27,59,10,97	0.3902439024390244	16	25	41
positional52,31,69,2,95	0.375	15	25	40
positional35,15,51,5,91	0.36363636363636365	12	21	33
greedy	0.16666666666666666	2	10	12
greedy	0.14583333333333334	7	41	48
