positional33,17,62,3,97	0.7142857142857143	10	4	14
positional52,31,69,2,95-12-positional33,15,78,4,83	0.6904761904761905	29	13	42
positional33,17,62,3,97	0.6521739130434783	15	8	23
positional44,26,66,10,95	0.6521739130434783	15	8	23
positional44,26,66,10,95	0.6285714285714286	22	13	35
positional35,15,51,5,91-0-positional30,27,59,10,97	0.6046511627906976	26	17	43
positional33,17,62,3,97	0.5925925925925926	16	11	27
positional44,26,66,10,95	0.5925925925925926	16	11	27
positional33,17,62,3,97	0.5897435897435898	23	16	39
positional35,15,51,5,91	0.5849056603773585	31	22	53
greedy-12-positional33,15,78,4,83	0.5798722044728435	363	263	626
greedy-12-positional33,15,78,4,83	0.5798722044728435	363	263	626
positional52,31,69,2,95	0.575	23	17	40
positional44,26,66,10,95	0.56	28	22	50
positional33,17,62,3,97	0.56	28	22	50
positional44,26,66,10,95	0.5543964232488823	372	299	671
positional44,26,66,10,95	0.5543964232488823	372	299	671
positional44,26,66,10,95	0.5543964232488823	372	299	671
positional33,17,62,3,97	0.5537190082644629	134	108	242
positional33,17,62,3,97	0.5537190082644629	134	108	242
positional33,17,62,3,97	0.5537190082644629	134	108	242
positional33,17,62,3,97	0.5537190082644629	134	108	242
positional41,20,56,9,96	0.5473251028806584	266	220	486
positional41,20,56,9,96	0.5473251028806584	266	220	486
positional41,20,56,9,96	0.5473251028806584	266	220	486
positional52,31,69,2,95	0.5441595441595442	191	160	351
positional52,31,69,2,95	0.5441595441595442	191	160	351
positional52,31,69,2,95	0.5441595441595442	191	160	351
positional52,31,69,2,95	0.5441595441595442	191	160	351
positional35,15,51,5,91-0-positional30,27,59,10,97	0.535031847133758	84	73	157
positional35,15,51,5,91	0.527363184079602	106	95	201
positional35,15,51,5,91	0.527363184079602	106	95	201
positional33,17,62,3,97	0.5208333333333334	100	92	192
positional33,17,62,3,97	0.5208333333333334	100	92	192
positional33,17,62,3,97	0.5208333333333334	100	92	192
positional33,17,62,3,97	0.5208333333333334	100	92	192
positional33,17,62,3,97	0.5208333333333334	100	92	192
positional33,17,62,3,97	0.5178571428571429	87	81	168
positional35,15,51,5,91	0.5168539325842697	46	43	89
positional35,15,51,5,91	0.5168539325842697	46	43	89
positional33,17,62,3,97	0.5161290322580645	32	30	62
positional33,17,62,3,97	0.5161290322580645	32	30	62
positional33,17,62,3,97	0.5086206896551724	59	57	116
positional33,17,62,3,97	0.5	33	33	66
positional33,17,62,3,97	0.5	132	132	264
positional35,15,51,5,91	0.5	14	14	28
positional33,17,62,3,97	0.5	132	132	264
positional33,17,62,3,97	0.5	132	132	264
positional33,17,62,3,97	0.5	132	132	264
positional33,17,62,3,97	0.5	132	132	264
positional52,31,69,2,95	0.4897959183673469	48	50	98
positional44,26,66,10,95	0.4657534246575342	34	39	73
positional33,17,62,3,97	0.425531914893617	20	27	47
positional52,31,69,2,95	0.4166666666666667	10	14	24
positional52,31,69,2,95	0.4057971014492754	28	41	69
positional35,15,51,5,91	0.40540540540540543	15	22	37
positional52,31,69,2,95	0.375	15	25	40
positional33,17,62,3,97	0.3333333333333333	4	8	12
greedy	0.32142857142857145	9	19	28
positional33,17,62,3,97	0.08333333333333333	1	11	12
