positional33,17,62,3,97	NaN	0	0	0
positional52,31,69,2,95	NaN	0	0	0
positional52,31,69,2,95	NaN	0	0	0
positional33,17,62,3,97	0.75	21	7	28
positional52,31,69,2,95	0.6578947368421053	25	13	38
positional35,15,51,5,91	0.6349206349206349	40	23	63
positional44,26,66,10,95	0.6216216216216216	23	14	37
positional52,31,69,2,95-12-positional33,15,78,4,83	0.5909090909090909	52	36	88
positional52,31,69,2,95-12-positional33,15,78,4,83	0.5909090909090909	52	36	88
positional52,31,69,2,95-12-positional33,15,78,4,83	0.5909090909090909	52	36	88
positional33,17,62,3,97	0.5652173913043478	13	10	23
positional33,17,62,3,97	0.5652173913043478	13	10	23
positional44,26,66,10,95	0.5549805950840879	429	344	773
positional44,26,66,10,95	0.5549805950840879	429	344	773
positional44,26,66,10,95	0.5511811023622047	70	57	127
positional44,26,66,10,95	0.5511811023622047	70	57	127
positional44,26,66,10,95	0.5511811023622047	70	57	127
positional35,15,51,5,91	0.55	22	18	40
positional33,17,62,3,97	0.5434782608695652	25	21	46
positional33,17,62,3,97	0.5434782608695652	25	21	46
positional33,17,62,3,97	0.5412844036697247	118	100	218
positional33,17,62,3,97	0.5384615384615384	168	144	312
positional35,15,51,5,91	0.5380116959064327	92	79	171
positional35,15,51,5,91	0.5380116959064327	92	79	171
positional35,15,51,5,91	0.5380116959064327	92	79	171
positional35,15,51,5,91	0.5380116959064327	92	79	171
positional33,17,62,3,97	0.5354330708661418	68	59	127
positional33,17,62,3,97	0.5354330708661418	68	59	127
positional52,31,69,2,95	0.5316455696202531	252	222	474
positional52,31,69,2,95	0.5316455696202531	252	222	474
positional52,31,69,2,95	0.5316455696202531	252	222	474
positional52,31,69,2,95	0.5316455696202531	252	222	474
positional52,31,69,2,95	0.5316455696202531	252	222	474
positional52,31,69,2,95	0.5316455696202531	252	222	474
positional35,15,51,5,91-0-positional30,27,59,10,97	0.53125	68	60	128
positional35,15,51,5,91-0-positional30,27,59,10,97	0.53125	68	60	128
positional35,15,51,5,91-0-positional30,27,59,10,97	0.53125	68	60	128
positional33,17,62,3,97	0.5231788079470199	79	72	151
positional33,17,62,3,97	0.5168539325842697	92	86	178
positional44,26,66,10,95	0.5135135135135135	19	18	37
positional33,17,62,3,97	0.5	7	7	14
positional44,26,66,10,95	0.5	43	43	86
positional33,17,62,3,97	0.4969512195121951	163	165	328
positional44,26,66,10,95	0.49	49	51	100
positional35,15,51,5,91	0.4857142857142857	17	18	35
positional44,26,66,10,95	0.4842105263157895	46	49	95
positional44,26,66,10,95	0.4842105263157895	46	49	95
positional33,17,62,3,97-0-positional33,15,78,4,83	0.48	12	13	25
positional44,26,66,10,95	0.4791666666666667	23	25	48
positional33,17,62,3,97	0.47191011235955055	42	47	89
positional33,17,62,3,97	0.47191011235955055	42	47	89
positional33,17,62,3,97	0.4659090909090909	41	47	88
positional33,17,62,3,97	0.4659090909090909	41	47	88
positional33,17,62,3,97	0.46153846153846156	18	21	39
positional44,26,66,10,95	0.4605263157894737	35	41	76
positional44,26,66,10,95	0.4605263157894737	35	41	76
positional52,31,69,2,95	0.45652173913043476	21	25	46
positional33,17,62,3,97	0.39215686274509803	20	31	51
positional44,26,66,10,95-0-positional30,27,59,10,97	0.375	9	15	24
positional44,26,66,10,95	0.2857142857142857	4	10	14
