positional44,26,66,10,95	NaN	0	0	0
positional33,17,62,3,97	0.75	30	10	40
positional44,26,66,10,95	0.6923076923076923	9	4	13
positional35,15,51,5,91	0.6666666666666666	14	7	21
positional44,26,66,10,95-12-positional33,15,78,4,83	0.6666666666666666	24	12	36
positional52,31,69,2,95	0.6153846153846154	16	10	26
positional44,26,66,10,95	0.5583634175691937	464	367	831
positional44,26,66,10,95	0.5583634175691937	464	367	831
positional35,15,51,5,91	0.5508771929824562	157	128	285
positional35,15,51,5,91	0.5508771929824562	157	128	285
positional35,15,51,5,91	0.5508771929824562	157	128	285
positional35,15,51,5,91	0.5508771929824562	157	128	285
positional52,31,69,2,95-12-positional33,15,78,4,83	0.5497835497835498	127	104	231
positional52,31,69,2,95-12-positional33,15,78,4,83	0.5497835497835498	127	104	231
positional52,31,69,2,95-12-positional33,15,78,4,83	0.5497835497835498	127	104	231
positional52,31,69,2,95-12-positional33,15,78,4,83	0.5497835497835498	127	104	231
positional33,17,62,3,97	0.5490196078431373	28	23	51
positional52,31,69,2,95	0.5384615384615384	14	12	26
positional35,15,51,5,91	0.5384615384615384	35	30	65
positional52,31,69,2,95	0.5384615384615384	21	18	39
positional33,17,62,3,97	0.5369318181818182	189	163	352
positional33,17,62,3,97	0.5369318181818182	189	163	352
positional35,15,51,5,91	0.5306122448979592	78	69	147
positional35,15,51,5,91	0.5306122448979592	78	69	147
positional35,15,51,5,91	0.5306122448979592	78	69	147
positional35,15,51,5,91	0.5306122448979592	78	69	147
positional35,15,51,5,91	0.5306122448979592	78	69	147
positional52,31,69,2,95	0.5208333333333334	25	23	48
positional33,17,62,3,97	0.5176470588235295	44	41	85
positional35,15,51,5,91	0.5172413793103449	30	28	58
positional33,17,62,3,97	0.5172413793103449	90	84	174
positional33,17,62,3,97	0.5121951219512195	42	40	82
positional33,17,62,3,97	0.5121951219512195	42	40	82
positional35,15,51,5,91-0-positional30,27,59,10,97	0.5094339622641509	108	104	212
positional35,15,51,5,91-0-positional30,27,59,10,97	0.5094339622641509	108	104	212
positional35,15,51,5,91-0-positional30,27,59,10,97	0.5094339622641509	108	104	212
positional44,26,66,10,95	0.5017182130584192	146	145	291
positional44,26,66,10,95	0.5017182130584192	146	145	291
positional44,26,66,10,95	0.5017182130584192	146	145	291
positional44,26,66,10,95	0.5017182130584192	146	145	291
positional44,26,66,10,95	0.5017182130584192	146	145	291
positional44,26,66,10,95	0.5017182130584192	146	145	291
positional35,15,51,5,91	0.5	12	12	24
positional33,17,62,3,97-0-positional30,27,59,10,97	0.5	6	6	12
positional35,15,51,5,91-12-positional33,15,78,4,83	0.5	6	6	12
positional52,31,69,2,95	0.4965986394557823	73	74	147
positional52,31,69,2,95	0.4965986394557823	73	74	147
positional52,31,69,2,95	0.4965986394557823	73	74	147
positional44,26,66,10,95	0.4857142857142857	34	36	70
positional44,26,66,10,95	0.48507462686567165	65	69	134
positional44,26,66,10,95	0.48507462686567165	65	69	134
positional44,26,66,10,95	0.48507462686567165	65	69	134
positional35,15,51,5,91	0.4583333333333333	11	13	24
positional44,26,66,10,95	0.4424778761061947	50	63	113
positional44,26,66,10,95	0.4424778761061947	50	63	113
positional44,26,66,10,95	0.43243243243243246	16	21	37
positional35,15,51,5,91	0.42857142857142855	6	8	14
positional33,17,62,3,97	0.4230769230769231	11	15	26
positional44,26,66,10,95-0-positional30,27,59,10,97	0.40625	13	19	32
positional52,31,69,2,95	0.391304347826087	9	14	23
