mobility0.05-11-positional48,16,66,11,96	0.7657657657657657	85	26	111
mobility0.46-6-positional49,31,74,7,83	0.7228915662650602	60	23	83
positional38,15,55,6,91	0.7127659574468085	67	27	94
positional49,31,74,7,83-18-positional59,15,69,13,82	0.7073170731707317	29	12	41
positional33,28,57,8,88	0.7064220183486238	77	32	109
positional31,27,77,3,87	0.7052631578947368	67	28	95
positional33,28,57,8,88-6-positional48,16,66,11,96	0.7046979865771812	105	44	149
positional49,23,51,9,88-16-positional33,28,57,8,88	0.7037037037037037	57	24	81
positional37,23,71,4,90-22-positional37,23,71,4,90	0.6964285714285714	39	17	56
mobility0.46-8-positional33,28,57,8,88	0.6951219512195121	57	25	82
positional48,16,66,11,96	0.6938775510204082	68	30	98
mobility0.00-22-positional49,23,51,9,88	0.6846846846846847	76	35	111
positional40,24,71,10,89-5-positional33,28,60,12,91	0.6821192052980133	103	48	151
positional37,23,71,4,90	0.6818181818181818	75	35	110
positional58,17,78,5,90	0.6814814814814815	92	43	135
positional58,17,78,5,90-21-positional33,28,57,8,88	0.6721311475409836	123	60	183
positional49,23,51,9,88-21-positional40,24,71,10,89	0.6688741721854304	101	50	151
positional40,24,71,10,89	0.6687116564417178	109	54	163
positional42,33,64,4,98	0.6666666666666666	74	37	111
positional59,15,69,13,82	0.6616541353383458	88	45	133
positional31,27,77,3,87-8-positional49,31,74,7,83	0.6503067484662577	106	57	163
positional38,15,55,6,91-22-positional40,24,71,10,89	0.6428571428571429	54	30	84
positional49,23,51,9,88	0.6363636363636364	70	40	110
positional49,31,74,7,83	0.631578947368421	60	35	95
positional49,31,74,7,83-6-positional33,28,60,12,91	0.5987654320987654	97	65	162
mobility0.99-22-positional40,24,71,10,89	0.5887850467289719	63	44	107
positional49,31,74,7,83-14-positional49,31,74,7,83	0.5740740740740741	31	23	54
positional33,28,60,12,91	0.5660377358490566	30	23	53
positional33,28,57,8,88-13-positional33,28,57,8,88	0.4819277108433735	40	43	83
mobility0.46	0.481651376146789	105	113	218
positional48,16,66,11,96-10-positional59,15,69,13,82	0.4696969696969697	31	35	66
mobility0.99-12-greedy	0.45714285714285713	32	38	70
positional49,31,74,7,83-24-mobility0.05	0.4536082474226804	44	53	97
greedy	0.4098360655737705	50	72	122
positional33,28,57,8,88-20-stable0.30	0.4024390243902439	33	49	82
stable0.30	0.3894736842105263	37	58	95
corners	0.3780487804878049	31	51	82
positional33,28,57,8,88-11-greedy	0.3723404255319149	35	59	94
stable0.53-19-corners	0.36936936936936937	41	70	111
mobility0.00	0.36585365853658536	60	104	164
mobility0.05	0.3625	29	51	80
stable1.00	0.35106382978723405	33	61	94
stable0.45	0.34545454545454546	19	36	55
mobility0.94-11-mobility0.46	0.34375	33	63	96
mobility0.94-19-stable0.84	0.33962264150943394	18	35	53
mobility0.99	0.3333333333333333	36	72	108
stable0.84	0.3253012048192771	27	56	83
greedy-15-corners	0.32515337423312884	53	110	163
mobility1.00	0.3211009174311927	35	74	109
positional59,15,69,13,82-15-mobility1.00	0.3055555555555556	33	75	108
stable0.53	0.3037037037037037	41	94	135
stable0.53-19-mobility0.94	0.2962962962962963	8	19	27
mobility0.00-22-stable0.30	0.2887700534759358	54	133	187
mobility0.46-18-stable0.53	0.28627450980392155	73	182	255
mobility0.94	0.2857142857142857	42	105	147
positional42,33,64,4,98-10-corners	0.2857142857142857	32	80	112
stable0.76	0.28125	27	69	96
mobility0.99-5-stable0.45	0.27102803738317754	29	78	107
mobility1.00-11-stable1.00	0.2608695652173913	24	68	92
positional33,28,57,8,88-11-corners	0.23214285714285715	13	43	56
