positional33,28,57,8,88	0.6082474226804123	59	38	97
positional49,31,74,7,83	0.6018518518518519	65	43	108
positional31,27,77,3,87-8-positional33,28,57,8,88	0.5864197530864198	95	67	162
positional58,17,78,5,90	0.575	92	68	160
positional31,27,77,3,87-16-positional33,28,57,8,88	0.5740740740740741	93	69	162
positional40,24,71,10,89-8-positional49,31,74,7,83	0.5645161290322581	70	54	124
positional58,17,78,5,90	0.5642458100558659	101	78	179
positional37,23,71,4,90	0.5625	45	35	80
positional33,28,57,8,88	0.5596330275229358	61	48	109
positional40,24,71,10,89-11-positional48,16,66,11,96	0.5585585585585585	62	49	111
positional49,23,51,9,88	0.5560344827586207	129	103	232
positional33,28,57,8,88-6-positional48,16,66,11,96	0.5555555555555556	45	36	81
positional40,24,71,10,89-21-positional33,28,57,8,88	0.5533333333333333	83	67	150
positional58,17,78,5,90-5-positional33,28,60,12,91	0.5522388059701493	37	30	67
positional59,15,69,13,82	0.5512820512820513	43	35	78
positional42,33,64,4,98-6-positional49,31,74,7,83	0.5487804878048781	45	37	82
positional38,15,55,6,91	0.5471698113207547	58	48	106
positional49,31,74,7,83-18-positional40,24,71,10,89	0.5384615384615384	70	60	130
positional42,33,64,4,98-0-positional37,23,71,4,90	0.5375	43	37	80
positional37,23,71,4,90-22-positional48,16,66,11,96	0.5365853658536586	44	38	82
mobility0.46-6-positional33,28,57,8,88	0.5333333333333333	80	70	150
positional40,24,71,10,89-6-positional49,31,74,7,83	0.5317919075144508	92	81	173
positional38,15,55,6,91-22-positional40,24,71,10,89	0.5294117647058824	36	32	68
mobility0.46-8-positional40,24,71,10,89	0.5283018867924528	28	25	53
positional40,24,71,10,89	0.5272727272727272	58	52	110
positional37,23,71,4,90	0.5230769230769231	34	31	65
positional49,31,74,7,83-8-positional49,31,74,7,83	0.5223880597014925	35	32	67
positional49,23,51,9,88	0.5217391304347826	36	33	69
positional31,27,77,3,87-6-positional48,16,66,11,96	0.5163934426229508	63	59	122
positional37,23,71,4,90	0.512396694214876	62	59	121
positional59,15,69,13,82	0.5103448275862069	74	71	145
positional42,33,64,4,98-0-positional33,28,60,12,91	0.5076923076923077	33	32	65
positional58,17,78,5,90-22-positional37,23,71,4,90	0.5073529411764706	69	67	136
positional33,28,57,8,88	0.5066666666666667	38	37	75
positional33,28,57,8,88-6-positional48,16,66,11,96	0.5053763440860215	47	46	93
positional49,23,51,9,88	0.5052631578947369	48	47	95
positional40,24,71,10,89	0.5047619047619047	53	52	105
positional40,24,71,10,89-5-positional33,28,57,8,88	0.5033112582781457	76	75	151
positional33,28,57,8,88-5-positional33,28,60,12,91	0.4953271028037383	53	54	107
positional33,28,57,8,88-0-positional49,23,51,9,88	0.4946236559139785	46	47	93
positional49,23,51,9,88-16-positional33,28,60,12,91	0.49382716049382713	40	41	81
positional38,15,55,6,91-5-positional33,28,60,12,91	0.4909090909090909	54	56	110
positional40,24,71,10,89	0.4900662251655629	74	77	151
positional31,27,77,3,87	0.4897959183673469	72	75	147
positional38,15,55,6,91	0.4888888888888889	66	69	135
positional37,23,71,4,90	0.4876543209876543	79	83	162
positional40,24,71,10,89-0-positional49,31,74,7,83	0.48760330578512395	59	62	121
positional49,23,51,9,88-18-positional59,15,69,13,82	0.4791666666666667	46	50	96
positional58,17,78,5,90-8-positional33,28,57,8,88	0.4642857142857143	13	15	28
mobility0.05-21-positional33,28,57,8,88	0.4642857142857143	39	45	84
positional49,31,74,7,83-6-positional48,16,66,11,96	0.4625	37	43	80
positional49,31,74,7,83-0-positional33,28,57,8,88	0.44029850746268656	59	75	134
positional49,23,51,9,88-21-positional49,31,74,7,83	0.4375	49	63	112
positional49,23,51,9,88-21-positional33,28,57,8,88	0.42857142857142855	30	40	70
positional49,23,51,9,88-16-positional33,28,57,8,88	0.40963855421686746	34	49	83
mobility0.46	0.30952380952380953	13	29	42
mobility0.46	0.22580645161290322	21	72	93
greedy	0.22340425531914893	21	73	94
mobility0.05	0.2032520325203252	25	98	123
mobility0.05	0.10526315789473684	10	85	95
