positional40,24,71,10,89-0-positional48,16,66,11,96	0.6172839506172839	50	31	81
positional40,24,71,10,89-11-positional37,23,71,4,90	0.6153846153846154	16	10	26
positional42,33,64,4,98-0-positional48,16,66,11,96	0.6097560975609756	25	16	41
positional40,24,71,10,89-11-positional59,15,69,13,82	0.6	66	44	110
positional42,33,64,4,98-0-positional48,16,66,11,96	0.5849056603773585	93	66	159
positional40,24,71,10,89	0.5704697986577181	85	64	149
positional42,33,64,4,98-11-positional48,16,66,11,96	0.5688073394495413	62	47	109
positional40,24,71,10,89-0-positional49,31,74,7,83	0.5670103092783505	55	42	97
positional42,33,64,4,98-11-positional59,15,69,13,82	0.5619834710743802	68	53	121
positional42,33,64,4,98-11-positional48,16,66,11,96	0.5545454545454546	61	49	110
positional40,24,71,10,89	0.5496688741721855	83	68	151
positional49,23,51,9,88-0-positional59,15,69,13,82	0.5476190476190477	23	19	42
positional40,24,71,10,89-11-positional59,15,69,13,82	0.5403225806451613	67	57	124
positional40,24,71,10,89-11-positional59,15,69,13,82	0.5365853658536586	44	38	82
positional42,33,64,4,98-11-positional59,15,69,13,82	0.5333333333333333	80	70	150
positional42,33,64,4,98-0-positional37,23,71,4,90	0.5327868852459017	65	57	122
positional40,24,71,10,89-11-positional59,15,69,13,82	0.5315315315315315	59	52	111
positional42,33,64,4,98-0-positional33,28,57,8,88	0.5263157894736842	50	45	95
positional42,33,64,4,98	0.5245901639344263	64	58	122
positional40,24,71,10,89-11-positional59,15,69,13,82	0.524390243902439	43	39	82
positional40,24,71,10,89	0.5208333333333334	50	46	96
positional40,24,71,10,89	0.5151515151515151	85	80	165
positional40,24,71,10,89-11-positional49,31,74,7,83	0.514018691588785	55	52	107
positional40,24,71,10,89-6-positional48,16,66,11,96	0.5111111111111111	69	66	135
positional42,33,64,4,98-11-positional59,15,69,13,82	0.5104166666666666	49	47	96
positional42,33,64,4,98-0-positional33,28,57,8,88	0.5099337748344371	77	74	151
positional40,24,71,10,89-11-positional37,23,71,4,90	0.509090909090909	56	54	110
positional42,33,64,4,98	0.5081967213114754	62	60	122
positional42,33,64,4,98	0.5038167938931297	66	65	131
positional42,33,64,4,98-11-positional59,15,69,13,82	0.4954954954954955	55	56	111
positional42,33,64,4,98-11-positional59,15,69,13,82	0.4927536231884058	34	35	69
positional42,33,64,4,98-11-positional48,16,66,11,96	0.49079754601226994	80	83	163
positional42,33,64,4,98-11-positional59,15,69,13,82	0.48936170212765956	46	48	94
positional40,24,71,10,89-11-positional48,16,66,11,96	0.48905109489051096	67	70	137
positional42,33,64,4,98-0-positional37,23,71,4,90	0.48760330578512395	59	62	121
positional42,33,64,4,98-11-positional59,15,69,13,82	0.4864864864864865	54	57	111
positional40,24,71,10,89	0.48360655737704916	59	63	122
positional42,33,64,4,98-0-positional59,15,69,13,82	0.48148148148148145	26	28	54
positional40,24,71,10,89-11-positional37,23,71,4,90	0.48	72	78	150
positional42,33,64,4,98-11-positional59,15,69,13,82	0.4782608695652174	77	84	161
positional40,24,71,10,89-11-positional59,15,69,13,82	0.47794117647058826	65	71	136
positional49,23,51,9,88-11-positional49,31,74,7,83	0.4742268041237113	46	51	97
positional58,17,78,5,90-6-positional59,15,69,13,82	0.47058823529411764	64	72	136
positional42,33,64,4,98-0-positional33,28,57,8,88	0.46715328467153283	64	73	137
positional42,33,64,4,98-11-positional37,23,71,4,90	0.46621621621621623	69	79	148
positional40,24,71,10,89-11-positional59,15,69,13,82	0.4634146341463415	57	66	123
positional40,24,71,10,89-11-positional48,16,66,11,96	0.45871559633027525	50	59	109
positional58,17,78,5,90	0.45588235294117646	31	37	68
positional40,24,71,10,89-11-positional48,16,66,11,96	0.45588235294117646	31	37	68
positional40,24,71,10,89-11-positional48,16,66,11,96	0.45454545454545453	50	60	110
positional58,17,78,5,90-11-positional59,15,69,13,82	0.45454545454545453	25	30	55
positional40,24,71,10,89-0-positional48,16,66,11,96	0.44329896907216493	43	54	97
positional58,17,78,5,90	0.4421052631578947	42	53	95
positional40,24,71,10,89	0.4344262295081967	53	69	122
positional42,33,64,4,98-11-positional48,16,66,11,96	0.4166666666666667	45	63	108
positional42,33,64,4,98-21-positional37,23,71,4,90	0.4166666666666667	45	63	108
positional58,17,78,5,90-0-positional37,23,71,4,90	0.4146341463414634	51	72	123
positional40,24,71,10,89-6-positional48,16,66,11,96	0.40384615384615385	21	31	52
positional49,23,51,9,88-11-positional59,15,69,13,82	0.38461538461538464	30	48	78
positional40,24,71,10,89-11-positional59,15,69,13,82	0.359375	23	41	64
