positional40,24,71,10,89	0.6382978723404256	60	34	94
positional42,33,64,4,98-0-positional59,15,69,13,82	0.6375	51	29	80
positional40,24,71,10,89-6-positional59,15,69,13,82	0.6274509803921569	32	19	51
positional40,24,71,10,89	0.6274509803921569	32	19	51
positional42,33,64,4,98-0-positional59,15,69,13,82	0.6021505376344086	56	37	93
positional40,24,71,10,89-0-positional59,15,69,13,82	0.59375	57	39	96
positional40,24,71,10,89-6-positional37,23,71,4,90	0.5714285714285714	44	33	77
positional42,33,64,4,98-0-positional48,16,66,11,96	0.5693430656934306	78	59	137
positional42,33,64,4,98-11-positional59,15,69,13,82	0.5578947368421052	53	42	95
positional40,24,71,10,89-0-positional33,28,57,8,88	0.5566037735849056	59	47	106
positional40,24,71,10,89-11-positional37,23,71,4,90	0.5555555555555556	60	48	108
positional42,33,64,4,98-11-positional59,15,69,13,82	0.5522388059701493	37	30	67
positional40,24,71,10,89	0.5520833333333334	53	43	96
positional40,24,71,10,89-11-positional59,15,69,13,82	0.5421686746987951	45	38	83
positional42,33,64,4,98-11-positional59,15,69,13,82	0.5378151260504201	64	55	119
positional40,24,71,10,89-11-positional59,15,69,13,82	0.5277777777777778	57	51	108
positional42,33,64,4,98-11-positional59,15,69,13,82	0.5272727272727272	29	26	55
positional42,33,64,4,98-0-positional33,28,57,8,88	0.5272727272727272	87	78	165
positional42,33,64,4,98-0-positional59,15,69,13,82	0.524390243902439	43	39	82
positional40,24,71,10,89-11-positional48,16,66,11,96	0.5208333333333334	50	46	96
positional42,33,64,4,98-11-positional59,15,69,13,82	0.5203252032520326	64	59	123
positional40,24,71,10,89-11-positional48,16,66,11,96	0.5188679245283019	55	51	106
positional40,24,71,10,89-0-positional33,28,57,8,88	0.5125	41	39	80
positional42,33,64,4,98	0.5121951219512195	42	40	82
positional42,33,64,4,98	0.5109489051094891	70	67	137
positional42,33,64,4,98-11-positional59,15,69,13,82	0.5104166666666666	49	47	96
positional40,24,71,10,89	0.5104166666666666	49	47	96
positional42,33,64,4,98-11-positional59,15,69,13,82	0.5052631578947369	48	47	95
positional42,33,64,4,98-11-positional48,16,66,11,96	0.5045871559633027	55	54	109
positional40,24,71,10,89-11-positional48,16,66,11,96	0.5	41	41	82
positional42,33,64,4,98-0-positional48,16,66,11,96	0.49586776859504134	60	61	121
positional40,24,71,10,89-6-positional37,23,71,4,90	0.4953271028037383	53	54	107
positional42,33,64,4,98-11-positional49,31,74,7,83	0.49056603773584906	26	27	53
positional42,33,64,4,98	0.4864864864864865	72	76	148
positional42,33,64,4,98	0.4863013698630137	71	75	146
positional40,24,71,10,89-0-positional59,15,69,13,82	0.4858757062146893	86	91	177
positional42,33,64,4,98-11-positional48,16,66,11,96	0.48363636363636364	133	142	275
positional42,33,64,4,98-11-positional59,15,69,13,82	0.48148148148148145	65	70	135
positional42,33,64,4,98-11-positional48,16,66,11,96	0.48148148148148145	39	42	81
positional40,24,71,10,89-0-positional37,23,71,4,90	0.4787234042553192	45	49	94
positional40,24,71,10,89-0-positional48,16,66,11,96	0.4782608695652174	33	36	69
positional40,24,71,10,89	0.47619047619047616	20	22	42
positional42,33,64,4,98	0.475	57	63	120
positional42,33,64,4,98	0.4748201438848921	66	73	139
positional42,33,64,4,98	0.4745762711864407	84	93	177
positional40,24,71,10,89-11-positional59,15,69,13,82	0.4676258992805755	65	74	139
positional42,33,64,4,98-0-positional48,16,66,11,96	0.46226415094339623	49	57	106
positional40,24,71,10,89-0-positional59,15,69,13,82	0.46	69	81	150
positional40,24,71,10,89-0-positional37,23,71,4,90	0.4567901234567901	37	44	81
positional42,33,64,4,98-11-positional37,23,71,4,90	0.45185185185185184	61	74	135
positional42,33,64,4,98	0.4492753623188406	31	38	69
positional40,24,71,10,89-11-positional59,15,69,13,82	0.44642857142857145	50	62	112
positional42,33,64,4,98	0.44166666666666665	53	67	120
positional42,33,64,4,98-6-positional48,16,66,11,96	0.4411764705882353	60	76	136
positional40,24,71,10,89-6-positional48,16,66,11,96	0.43558282208588955	71	92	163
positional40,24,71,10,89-11-positional49,31,74,7,83	0.4344262295081967	53	69	122
positional42,33,64,4,98-11-positional59,15,69,13,82	0.4344262295081967	53	69	122
positional40,24,71,10,89	0.43209876543209874	35	46	81
positional42,33,64,4,98-11-positional59,15,69,13,82	0.42953020134228187	64	85	149
positional40,24,71,10,89-11-positional59,15,69,13,82	0.4264705882352941	29	39	68
