positional40,24,71,10,89-11-positional59,15,69,13,82	0.6097560975609756	50	32	82
positional42,33,64,4,98-11-positional37,23,71,4,90	0.6090909090909091	67	43	110
positional40,24,71,10,89-11-positional59,15,69,13,82	0.6075949367088608	48	31	79
positional42,33,64,4,98	0.6013513513513513	89	59	148
positional40,24,71,10,89-11-positional59,15,69,13,82	0.5943396226415094	63	43	106
positional40,24,71,10,89-0-positional33,28,57,8,88	0.5771812080536913	86	63	149
positional42,33,64,4,98-11-positional37,23,71,4,90	0.5740740740740741	62	46	108
positional42,33,64,4,98-11-positional59,15,69,13,82	0.5735294117647058	39	29	68
positional42,33,64,4,98-11-positional37,23,71,4,90	0.5706214689265536	101	76	177
positional40,24,71,10,89-0-positional59,15,69,13,82	0.5636363636363636	62	48	110
positional40,24,71,10,89	0.5588235294117647	38	30	68
positional40,24,71,10,89-0-positional59,15,69,13,82	0.5555555555555556	75	60	135
positional42,33,64,4,98-6-positional37,23,71,4,90	0.55	66	54	120
positional42,33,64,4,98-11-positional59,15,69,13,82	0.5487804878048781	45	37	82
positional40,24,71,10,89-0-positional33,28,57,8,88	0.5362318840579711	37	32	69
positional42,33,64,4,98-6-positional59,15,69,13,82	0.5294117647058824	63	56	119
positional40,24,71,10,89-6-positional59,15,69,13,82	0.5289256198347108	64	57	121
positional40,24,71,10,89	0.5287958115183246	101	90	191
positional40,24,71,10,89-0-positional48,16,66,11,96	0.5283018867924528	28	25	53
positional42,33,64,4,98-11-positional59,15,69,13,82	0.5188679245283019	55	51	106
positional40,24,71,10,89-11-positional37,23,71,4,90	0.5142857142857142	54	51	105
positional42,33,64,4,98-11-positional48,16,66,11,96	0.514018691588785	55	52	107
positional40,24,71,10,89-0-positional59,15,69,13,82	0.509090909090909	28	27	55
positional42,33,64,4,98-0-positional59,15,69,13,82	0.5072463768115942	35	34	69
positional42,33,64,4,98	0.5054945054945055	46	45	91
positional42,33,64,4,98-11-positional37,23,71,4,90	0.5053763440860215	47	46	93
positional40,24,71,10,89	0.5	53	53	106
positional42,33,64,4,98-0-positional33,28,57,8,88	0.49586776859504134	60	61	121
positional42,33,64,4,98-11-positional48,16,66,11,96	0.49473684210526314	47	48	95
positional40,24,71,10,89-0-positional59,15,69,13,82	0.4935064935064935	38	39	77
positional40,24,71,10,89	0.49137931034482757	57	59	116
positional40,24,71,10,89-11-positional49,31,74,7,83	0.49107142857142855	55	57	112
positional42,33,64,4,98-0-positional59,15,69,13,82	0.49079754601226994	80	83	163
positional42,33,64,4,98-0-positional48,16,66,11,96	0.49038461538461536	51	53	104
positional40,24,71,10,89	0.48148148148148145	26	28	54
positional42,33,64,4,98-11-positional59,15,69,13,82	0.48148148148148145	39	42	81
positional42,33,64,4,98-11-positional59,15,69,13,82	0.4810126582278481	38	41	79
positional42,33,64,4,98	0.4782608695652174	33	36	69
positional42,33,64,4,98-0-positional59,15,69,13,82	0.47619047619047616	50	55	105
positional42,33,64,4,98-0-positional48,16,66,11,96	0.4714285714285714	33	37	70
positional42,33,64,4,98-11-positional49,31,74,7,83	0.4696969696969697	31	35	66
positional42,33,64,4,98-0-positional59,15,69,13,82	0.4691358024691358	76	86	162
positional40,24,71,10,89-0-positional59,15,69,13,82	0.4666666666666667	56	64	120
positional42,33,64,4,98	0.46616541353383456	62	71	133
positional42,33,64,4,98	0.46551724137931033	81	93	174
positional40,24,71,10,89-11-positional59,15,69,13,82	0.4634146341463415	57	66	123
positional42,33,64,4,98-0-positional59,15,69,13,82	0.4627659574468085	87	101	188
positional42,33,64,4,98-11-positional48,16,66,11,96	0.45569620253164556	36	43	79
positional42,33,64,4,98-11-positional48,16,66,11,96	0.45454545454545453	30	36	66
positional42,33,64,4,98-11-positional59,15,69,13,82	0.45121951219512196	37	45	82
positional40,24,71,10,89-6-positional33,28,57,8,88	0.44966442953020136	67	82	149
positional42,33,64,4,98-11-positional59,15,69,13,82	0.44571428571428573	78	97	175
positional42,33,64,4,98-11-positional49,31,74,7,83	0.44545454545454544	49	61	110
positional40,24,71,10,89	0.44166666666666665	53	67	120
positional40,24,71,10,89	0.4375	49	63	112
positional42,33,64,4,98	0.43010752688172044	40	53	93
positional42,33,64,4,98	0.41911764705882354	57	79	136
positional40,24,71,10,89-6-positional59,15,69,13,82	0.4074074074074074	22	32	54
positional40,24,71,10,89	0.4025157232704403	64	95	159
positional40,24,71,10,89	0.3902439024390244	32	50	82
