positional40,24,71,10,89-0-positional59,15,69,13,82	0.6231884057971014	43	26	69
positional42,33,64,4,98-11-positional59,15,69,13,82	0.6166666666666667	74	46	120
positional42,33,64,4,98-11-positional59,15,69,13,82	0.5857142857142857	41	29	70
positional42,33,64,4,98	0.5779816513761468	63	46	109
positional40,24,71,10,89-11-positional33,28,57,8,88	0.5714285714285714	84	63	147
positional42,33,64,4,98-11-positional37,23,71,4,90	0.5625	54	42	96
positional40,24,71,10,89-0-positional59,15,69,13,82	0.5596330275229358	61	48	109
positional40,24,71,10,89-0-positional59,15,69,13,82	0.5569620253164557	44	35	79
positional42,33,64,4,98-0-positional37,23,71,4,90	0.5569620253164557	44	35	79
positional40,24,71,10,89	0.5545454545454546	61	49	110
positional42,33,64,4,98-11-positional37,23,71,4,90	0.5528455284552846	68	55	123
positional40,24,71,10,89-11-positional59,15,69,13,82	0.5487804878048781	45	37	82
positional40,24,71,10,89-11-positional33,28,57,8,88	0.5370370370370371	58	50	108
positional40,24,71,10,89-11-positional59,15,69,13,82	0.5368421052631579	51	44	95
positional42,33,64,4,98-0-positional33,28,57,8,88	0.5257731958762887	51	46	97
positional40,24,71,10,89-0-positional37,23,71,4,90	0.524390243902439	43	39	82
positional42,33,64,4,98-0-positional59,15,69,13,82	0.5229357798165137	57	52	109
positional42,33,64,4,98-0-positional59,15,69,13,82	0.5225225225225225	58	53	111
positional40,24,71,10,89	0.5185185185185185	42	39	81
positional42,33,64,4,98-0-positional37,23,71,4,90	0.5185185185185185	28	26	54
positional40,24,71,10,89-11-positional59,15,69,13,82	0.5185185185185185	70	65	135
positional40,24,71,10,89-11-positional37,23,71,4,90	0.5154639175257731	50	47	97
positional42,33,64,4,98-11-positional37,23,71,4,90	0.5136986301369864	75	71	146
positional42,33,64,4,98-11-positional59,15,69,13,82	0.5136986301369864	75	71	146
positional42,33,64,4,98-6-positional37,23,71,4,90	0.5128205128205128	60	57	117
positional40,24,71,10,89-6-positional59,15,69,13,82	0.5096153846153846	53	51	104
positional40,24,71,10,89-0-positional59,15,69,13,82	0.5056179775280899	90	88	178
positional42,33,64,4,98-11-positional49,31,74,7,83	0.5027624309392266	91	90	181
positional40,24,71,10,89-0-positional48,16,66,11,96	0.5	49	49	98
positional42,33,64,4,98-11-positional37,23,71,4,90	0.5	75	75	150
positional42,33,64,4,98-11-positional59,15,69,13,82	0.5	68	68	136
positional42,33,64,4,98-11-positional48,16,66,11,96	0.496551724137931	72	73	145
positional40,24,71,10,89-0-positional37,23,71,4,90	0.4962962962962963	67	68	135
positional40,24,71,10,89	0.496	62	63	125
positional42,33,64,4,98	0.4954128440366973	54	55	109
positional42,33,64,4,98-6-positional59,15,69,13,82	0.49230769230769234	32	33	65
positional40,24,71,10,89-0-positional37,23,71,4,90	0.4909090909090909	27	28	55
positional40,24,71,10,89-11-positional37,23,71,4,90	0.4899328859060403	73	76	149
positional40,24,71,10,89-11-positional37,23,71,4,90	0.475	19	21	40
positional42,33,64,4,98	0.47368421052631576	63	70	133
positional42,33,64,4,98-11-positional59,15,69,13,82	0.4672131147540984	57	65	122
positional40,24,71,10,89-0-positional59,15,69,13,82	0.4666666666666667	70	80	150
positional40,24,71,10,89-11-positional33,28,57,8,88	0.4634146341463415	57	66	123
positional42,33,64,4,98-0-positional33,28,57,8,88	0.4631578947368421	44	51	95
positional42,33,64,4,98-0-positional33,28,57,8,88	0.45871559633027525	50	59	109
positional42,33,64,4,98-11-positional59,15,69,13,82	0.4578313253012048	38	45	83
positional40,24,71,10,89-0-positional37,23,71,4,90	0.4574468085106383	43	51	94
positional40,24,71,10,89	0.45588235294117646	62	74	136
positional40,24,71,10,89-6-positional59,15,69,13,82	0.4537037037037037	49	59	108
positional42,33,64,4,98-0-positional59,15,69,13,82	0.4533333333333333	68	82	150
positional40,24,71,10,89	0.45263157894736844	43	52	95
positional42,33,64,4,98-11-positional37,23,71,4,90	0.45263157894736844	43	52	95
positional42,33,64,4,98-0-positional33,28,57,8,88	0.45121951219512196	37	45	82
positional40,24,71,10,89-11-positional37,23,71,4,90	0.44954128440366975	49	60	109
positional42,33,64,4,98	0.4489795918367347	44	54	98
positional40,24,71,10,89-0-positional59,15,69,13,82	0.4344262295081967	53	69	122
positional42,33,64,4,98	0.43209876543209874	35	46	81
positional42,33,64,4,98-11-positional37,23,71,4,90	0.4268292682926829	35	47	82
positional42,33,64,4,98-6-positional37,23,71,4,90	0.4230769230769231	22	30	52
positional42,33,64,4,98	0.4066666666666667	61	89	150
