positional40,24,71,10,89-0-positional33,28,57,8,88	0.6296296296296297	17	10	27
positional42,33,64,4,98-0-positional49,23,51,9,88	0.6153846153846154	24	15	39
positional31,27,77,3,87-21-positional33,28,57,8,88	0.5714285714285714	76	57	133
positional31,27,77,3,87	0.5583333333333333	67	53	120
positional59,15,69,13,82	0.5545454545454546	61	49	110
positional38,15,55,6,91-5-positional33,28,60,12,91	0.5514705882352942	75	61	136
positional58,17,78,5,90	0.5473684210526316	52	43	95
positional37,23,71,4,90-22-positional59,15,69,13,82	0.5462962962962963	59	49	108
positional40,24,71,10,89	0.5432098765432098	44	37	81
positional42,33,64,4,98-0-positional49,31,74,7,83	0.5421686746987951	45	38	83
positional40,24,71,10,89-8-positional33,28,57,8,88	0.5377358490566038	57	49	106
positional58,17,78,5,90	0.5370370370370371	29	25	54
positional59,15,69,13,82	0.5294117647058824	36	32	68
positional58,17,78,5,90	0.5272727272727272	29	26	55
positional58,17,78,5,90-0-positional37,23,71,4,90	0.5255474452554745	72	65	137
positional49,23,51,9,88	0.5245901639344263	64	58	122
positional31,27,77,3,87	0.5185185185185185	56	52	108
positional58,17,78,5,90	0.5185185185185185	42	39	81
positional31,27,77,3,87-8-positional33,28,57,8,88	0.5182481751824818	71	66	137
positional58,17,78,5,90	0.5181818181818182	57	53	110
positional49,23,51,9,88	0.5165562913907285	78	73	151
positional40,24,71,10,89	0.5157894736842106	49	46	95
positional42,33,64,4,98-6-positional49,31,74,7,83	0.5147058823529411	70	66	136
positional49,31,74,7,83-0-positional33,28,57,8,88	0.5116279069767442	88	84	172
positional37,23,71,4,90	0.5104166666666666	49	47	96
positional58,17,78,5,90-8-positional49,31,74,7,83	0.5102040816326531	50	48	98
positional33,28,57,8,88-18-positional40,24,71,10,89	0.5074626865671642	68	66	134
positional37,23,71,4,90	0.5072463768115942	70	68	138
positional49,23,51,9,88-21-positional40,24,71,10,89	0.5064935064935064	39	38	77
positional58,17,78,5,90	0.5061728395061729	82	80	162
positional33,28,57,8,88-8-positional33,28,57,8,88	0.5057471264367817	88	86	174
positional49,23,51,9,88-6-positional48,16,66,11,96	0.5053763440860215	47	46	93
positional59,15,69,13,82-6-positional48,16,66,11,96	0.5041322314049587	61	60	121
positional40,24,71,10,89-0-positional48,16,66,11,96	0.5	53	53	106
positional37,23,71,4,90-6-positional48,16,66,11,96	0.5	27	27	54
positional40,24,71,10,89	0.5	54	54	108
positional49,31,74,7,83-8-positional33,28,57,8,88	0.49586776859504134	60	61	121
positional31,27,77,3,87	0.4954954954954955	55	56	111
positional31,27,77,3,87-16-positional49,31,74,7,83	0.49523809523809526	52	53	105
positional38,15,55,6,91-0-positional48,16,66,11,96	0.49382716049382713	80	82	162
positional31,27,77,3,87	0.49382716049382713	40	41	81
positional58,17,78,5,90-5-positional33,28,57,8,88	0.4925373134328358	66	68	134
positional58,17,78,5,90-0-positional33,28,57,8,88	0.4925373134328358	66	68	134
positional58,17,78,5,90-6-positional48,16,66,11,96	0.4864864864864865	72	76	148
mobility0.46-11-positional48,16,66,11,96	0.48148148148148145	13	14	27
positional58,17,78,5,90-0-positional37,23,71,4,90	0.4766355140186916	51	56	107
positional49,23,51,9,88	0.46808510638297873	44	50	94
positional33,28,57,8,88-6-positional33,28,57,8,88	0.4642857142857143	26	30	56
positional49,23,51,9,88-11-positional48,16,66,11,96	0.4631578947368421	44	51	95
positional58,17,78,5,90	0.4626865671641791	31	36	67
positional33,28,57,8,88-6-positional37,23,71,4,90	0.46258503401360546	68	79	147
positional40,24,71,10,89	0.45588235294117646	31	37	68
positional49,31,74,7,83	0.45569620253164556	36	43	79
positional49,23,51,9,88	0.45528455284552843	56	67	123
positional33,28,57,8,88-6-positional33,28,57,8,88	0.44666666666666666	67	83	150
positional31,27,77,3,87	0.4444444444444444	72	90	162
positional40,24,71,10,89	0.43558282208588955	71	92	163
positional33,28,57,8,88	0.43537414965986393	64	83	147
positional37,23,71,4,90	0.4205607476635514	45	62	107
positional40,24,71,10,89-11-positional48,16,66,11,96	0.3582089552238806	24	43	67
