positional40,24,71,10,89-11-positional33,28,57,8,88	0.6585365853658537	27	14	41
positional33,28,57,8,88	0.5975609756097561	98	66	164
positional42,33,64,4,98-0-positional48,16,66,11,96	0.5733333333333334	86	64	150
positional31,27,77,3,87	0.5684210526315789	54	41	95
positional31,27,77,3,87-8-positional49,31,74,7,83	0.5638297872340425	53	41	94
positional31,27,77,3,87	0.5597014925373134	75	59	134
positional31,27,77,3,87-22-positional59,15,69,13,82	0.5566037735849056	59	47	106
positional58,17,78,5,90	0.5514018691588785	59	48	107
positional58,17,78,5,90-6-positional33,28,57,8,88	0.5480769230769231	57	47	104
positional31,27,77,3,87-8-positional59,15,69,13,82	0.5473684210526316	52	43	95
positional31,27,77,3,87	0.5441176470588235	37	31	68
positional58,17,78,5,90-11-positional48,16,66,11,96	0.541095890410959	79	67	146
positional31,27,77,3,87	0.5375	43	37	80
positional58,17,78,5,90-21-positional33,28,57,8,88	0.5365853658536586	44	38	82
positional59,15,69,13,82	0.5365853658536586	44	38	82
positional42,33,64,4,98	0.5333333333333333	64	56	120
positional49,23,51,9,88	0.5289256198347108	64	57	121
positional58,17,78,5,90	0.5277777777777778	57	51	108
positional37,23,71,4,90-22-positional33,28,60,12,91	0.5229357798165137	57	52	109
positional49,23,51,9,88-21-positional33,28,57,8,88	0.5185185185185185	84	78	162
positional58,17,78,5,90-6-positional37,23,71,4,90	0.5147058823529411	35	33	68
positional42,33,64,4,98-6-positional33,28,57,8,88	0.5131578947368421	78	74	152
positional49,23,51,9,88-21-positional49,31,74,7,83	0.5080645161290323	63	61	124
positional42,33,64,4,98	0.5061728395061729	41	40	81
positional58,17,78,5,90	0.5027322404371585	92	91	183
positional31,27,77,3,87-8-positional49,31,74,7,83	0.5	68	68	136
positional49,23,51,9,88-8-positional49,31,74,7,83	0.5	75	75	150
positional58,17,78,5,90-0-positional49,23,51,9,88	0.5	54	54	108
positional31,27,77,3,87	0.5	59	59	118
positional40,24,71,10,89	0.5	7	7	14
positional31,27,77,3,87	0.5	33	33	66
positional59,15,69,13,82	0.4957983193277311	59	60	119
positional31,27,77,3,87	0.4953271028037383	53	54	107
positional40,24,71,10,89-5-positional33,28,60,12,91	0.4946236559139785	46	47	93
positional31,27,77,3,87-0-positional49,31,74,7,83	0.4946236559139785	46	47	93
positional40,24,71,10,89	0.49264705882352944	67	69	136
positional38,15,55,6,91-0-positional33,28,57,8,88	0.4875	39	41	80
positional37,23,71,4,90	0.48623853211009177	53	56	109
positional58,17,78,5,90	0.4852941176470588	66	70	136
positional58,17,78,5,90-0-positional33,28,57,8,88	0.4852941176470588	33	35	68
positional49,31,74,7,83-0-positional37,23,71,4,90	0.4842105263157895	46	49	95
positional58,17,78,5,90-0-positional37,23,71,4,90	0.4789915966386555	57	62	119
positional31,27,77,3,87-8-positional33,28,57,8,88	0.47701149425287354	83	91	174
positional40,24,71,10,89	0.47058823529411764	64	72	136
positional49,31,74,7,83	0.46788990825688076	51	58	109
positional59,15,69,13,82	0.4636363636363636	51	59	110
positional40,24,71,10,89-11-positional33,28,57,8,88	0.4634146341463415	38	44	82
positional40,24,71,10,89-0-positional48,16,66,11,96	0.4583333333333333	55	65	120
positional31,27,77,3,87	0.4578313253012048	38	45	83
positional42,33,64,4,98	0.45652173913043476	63	75	138
positional31,27,77,3,87-22-positional33,28,57,8,88	0.45454545454545453	55	66	121
positional58,17,78,5,90-0-positional49,31,74,7,83	0.44047619047619047	37	47	84
positional40,24,71,10,89-0-positional49,31,74,7,83	0.4392523364485981	47	60	107
positional58,17,78,5,90-21-positional33,28,57,8,88	0.4375	28	36	64
positional58,17,78,5,90-8-positional33,28,57,8,88	0.4375	35	45	80
positional38,15,55,6,91-8-positional33,28,57,8,88	0.4370860927152318	66	85	151
positional38,15,55,6,91-5-positional49,31,74,7,83	0.42727272727272725	47	63	110
positional40,24,71,10,89	0.4146341463414634	51	72	123
positional58,17,78,5,90-8-positional49,31,74,7,83	0.4095238095238095	43	62	105
positional33,28,57,8,88-18-positional33,28,60,12,91	0.4074074074074074	22	32	54
