positional31,27,77,3,87	0.6296296296296297	51	30	81
positional42,33,64,4,98	0.5912408759124088	81	56	137
positional42,33,64,4,98	0.5853658536585366	48	34	82
positional58,17,78,5,90	0.5849056603773585	31	22	53
positional40,24,71,10,89	0.5838926174496645	87	62	149
positional49,23,51,9,88	0.5777777777777777	52	38	90
positional42,33,64,4,98-0-positional33,28,57,8,88	0.5570469798657718	83	66	149
positional49,23,51,9,88-22-positional59,15,69,13,82	0.5531914893617021	52	42	94
positional31,27,77,3,87-21-positional33,28,60,12,91	0.5473684210526316	52	43	95
positional58,17,78,5,90-11-positional48,16,66,11,96	0.5454545454545454	66	55	121
positional49,23,51,9,88	0.5448717948717948	85	71	156
positional40,24,71,10,89	0.5432098765432098	44	37	81
positional42,33,64,4,98-0-positional37,23,71,4,90	0.5384615384615384	35	30	65
positional33,28,57,8,88	0.5373134328358209	36	31	67
positional59,15,69,13,82-0-positional59,15,69,13,82	0.5363636363636364	59	51	110
positional58,17,78,5,90-0-positional49,31,74,7,83	0.5327102803738317	57	50	107
positional31,27,77,3,87	0.5316455696202531	84	74	158
positional42,33,64,4,98	0.5272727272727272	29	26	55
positional31,27,77,3,87	0.5263157894736842	50	45	95
positional42,33,64,4,98	0.5258215962441315	112	101	213
positional31,27,77,3,87-8-positional33,28,57,8,88	0.5238095238095238	22	20	42
positional31,27,77,3,87	0.5229357798165137	57	52	109
positional42,33,64,4,98	0.5163934426229508	63	59	122
positional58,17,78,5,90-5-positional49,31,74,7,83	0.5063291139240507	40	39	79
positional58,17,78,5,90	0.5061728395061729	41	40	81
positional42,33,64,4,98-22-positional59,15,69,13,82	0.5045871559633027	55	54	109
positional42,33,64,4,98	0.5	47	47	94
positional58,17,78,5,90-21-positional49,31,74,7,83	0.5	27	27	54
positional59,15,69,13,82-0-positional33,28,57,8,88	0.5	33	33	66
positional31,27,77,3,87-22-positional33,28,57,8,88	0.5	96	96	192
positional59,15,69,13,82-0-positional33,28,57,8,88	0.5	75	75	150
positional58,17,78,5,90-0-positional49,31,74,7,83	0.5	68	68	136
positional59,15,69,13,82	0.5	39	39	78
positional31,27,77,3,87	0.49382716049382713	40	41	81
positional42,33,64,4,98	0.4925373134328358	33	34	67
positional58,17,78,5,90	0.48360655737704916	59	63	122
positional33,28,57,8,88-6-positional33,28,57,8,88	0.4818181818181818	53	57	110
positional31,27,77,3,87	0.48148148148148145	52	56	108
positional58,17,78,5,90-21-positional33,28,57,8,88	0.48148148148148145	13	14	27
positional59,15,69,13,82-0-positional33,28,57,8,88	0.4796747967479675	59	64	123
positional58,17,78,5,90-0-positional33,28,57,8,88	0.4791666666666667	46	50	96
positional58,17,78,5,90-6-positional49,31,74,7,83	0.4782608695652174	88	96	184
positional58,17,78,5,90-21-positional33,28,60,12,91	0.4731182795698925	44	49	93
positional31,27,77,3,87	0.4723926380368098	77	86	163
positional31,27,77,3,87-8-positional37,23,71,4,90	0.4669811320754717	99	113	212
positional40,24,71,10,89-5-positional33,28,57,8,88	0.4657534246575342	68	78	146
positional40,24,71,10,89-6-positional33,28,57,8,88	0.4636363636363636	51	59	110
positional33,28,57,8,88	0.4602272727272727	81	95	176
positional40,24,71,10,89	0.45794392523364486	49	58	107
positional31,27,77,3,87	0.4576271186440678	54	64	118
positional31,27,77,3,87-22-positional33,28,57,8,88	0.4528301886792453	48	58	106
positional42,33,64,4,98-11-positional48,16,66,11,96	0.4506172839506173	73	89	162
positional37,23,71,4,90-22-positional49,31,74,7,83	0.4503311258278146	68	83	151
positional33,28,57,8,88-11-positional48,16,66,11,96	0.4444444444444444	24	30	54
positional31,27,77,3,87	0.43902439024390244	18	23	41
positional58,17,78,5,90-6-positional48,16,66,11,96	0.4262295081967213	52	70	122
positional42,33,64,4,98-6-positional33,28,57,8,88	0.4177215189873418	33	46	79
positional31,27,77,3,87	0.4146341463414634	17	24	41
positional38,15,55,6,91-0-positional48,16,66,11,96	0.4	26	39	65
positional58,17,78,5,90-21-positional33,28,57,8,88	0.3770491803278688	46	76	122
