positional42,33,64,4,98	0.6542056074766355	70	37	107
positional42,33,64,4,98-6-positional33,28,57,8,88	0.6176470588235294	63	39	102
positional58,17,78,5,90-0-positional33,28,57,8,88	0.6	33	22	55
positional42,33,64,4,98-0-positional59,15,69,13,82	0.5978260869565217	55	37	92
positional31,27,77,3,87-11-positional48,16,66,11,96	0.5866666666666667	88	62	150
positional49,23,51,9,88-0-positional49,31,74,7,83	0.5703703703703704	77	58	135
positional31,27,77,3,87-22-positional49,31,74,7,83	0.5700934579439252	61	46	107
positional42,33,64,4,98	0.5636363636363636	62	48	110
positional40,24,71,10,89	0.5585585585585585	62	49	111
positional40,24,71,10,89	0.5514018691588785	59	48	107
positional42,33,64,4,98-6-positional37,23,71,4,90	0.5476190476190477	46	38	84
positional42,33,64,4,98	0.5449438202247191	97	81	178
positional42,33,64,4,98-0-positional49,31,74,7,83	0.5327102803738317	57	50	107
positional42,33,64,4,98	0.5308641975308642	43	38	81
positional58,17,78,5,90	0.5257731958762887	51	46	97
positional42,33,64,4,98	0.5254237288135594	62	56	118
positional49,23,51,9,88	0.525	42	38	80
positional31,27,77,3,87	0.5217391304347826	36	33	69
positional40,24,71,10,89	0.5206611570247934	63	58	121
positional49,23,51,9,88	0.52	104	96	200
positional42,33,64,4,98	0.512	64	61	125
positional31,27,77,3,87-21-positional49,31,74,7,83	0.5100671140939598	76	73	149
positional49,23,51,9,88	0.5098039215686274	26	25	51
positional40,24,71,10,89-11-positional48,16,66,11,96	0.5073529411764706	69	67	136
positional42,33,64,4,98-21-positional33,28,57,8,88	0.5061728395061729	82	80	162
positional42,33,64,4,98	0.5053763440860215	47	46	93
positional42,33,64,4,98	0.5052631578947369	48	47	95
positional33,28,57,8,88	0.5	73	73	146
positional58,17,78,5,90	0.5	34	34	68
positional42,33,64,4,98	0.5	54	54	108
positional31,27,77,3,87	0.5	81	81	162
positional49,23,51,9,88-21-positional33,28,60,12,91	0.4925373134328358	33	34	67
positional42,33,64,4,98	0.4918032786885246	60	62	122
positional31,27,77,3,87-22-positional33,28,57,8,88	0.4863013698630137	71	75	146
positional42,33,64,4,98-0-positional59,15,69,13,82	0.4852941176470588	33	35	68
positional42,33,64,4,98-0-positional33,28,57,8,88	0.4845360824742268	47	50	97
positional58,17,78,5,90-21-positional33,28,57,8,88	0.48148148148148145	52	56	108
positional42,33,64,4,98	0.48148148148148145	39	42	81
positional31,27,77,3,87-8-positional37,23,71,4,90	0.4810126582278481	38	41	79
positional42,33,64,4,98	0.4796747967479675	59	64	123
positional58,17,78,5,90-0-positional33,28,57,8,88	0.4787234042553192	45	49	94
positional33,28,57,8,88-0-positional59,15,69,13,82	0.4782608695652174	33	36	69
positional40,24,71,10,89	0.4722222222222222	51	57	108
positional42,33,64,4,98	0.47058823529411764	72	81	153
positional31,27,77,3,87-22-positional59,15,69,13,82	0.46987951807228917	78	88	166
positional40,24,71,10,89	0.4642857142857143	26	30	56
positional33,28,57,8,88-0-positional33,28,57,8,88	0.4574468085106383	43	51	94
positional31,27,77,3,87	0.45695364238410596	69	82	151
positional42,33,64,4,98	0.45081967213114754	55	67	122
positional49,23,51,9,88	0.44666666666666666	67	83	150
positional58,17,78,5,90	0.4444444444444444	36	45	81
positional31,27,77,3,87	0.4421052631578947	42	53	95
positional31,27,77,3,87-21-positional33,28,57,8,88	0.43478260869565216	40	52	92
positional42,33,64,4,98	0.432	54	71	125
positional58,17,78,5,90-0-positional33,28,57,8,88	0.43157894736842106	41	54	95
positional58,17,78,5,90	0.42391304347826086	39	53	92
positional59,15,69,13,82	0.4146341463414634	34	48	82
positional33,28,57,8,88-11-positional48,16,66,11,96	0.4146341463414634	17	24	41
positional31,27,77,3,87	0.3925233644859813	42	65	107
positional42,33,64,4,98	0.36666666666666664	44	76	120
