positional42,33,64,4,98	0.6125	49	31	80
positional42,33,64,4,98-6-positional37,23,71,4,90	0.6021505376344086	56	37	93
positional42,33,64,4,98-6-positional49,31,74,7,83	0.5853658536585366	24	17	41
positional58,17,78,5,90-0-positional59,15,69,13,82	0.5816326530612245	57	41	98
positional42,33,64,4,98-11-positional48,16,66,11,96	0.575	46	34	80
positional58,17,78,5,90-0-positional48,16,66,11,96	0.5688073394495413	62	47	109
positional42,33,64,4,98-0-positional33,28,57,8,88	0.5684210526315789	54	41	95
positional40,24,71,10,89	0.553030303030303	73	59	132
positional40,24,71,10,89	0.5528455284552846	68	55	123
positional49,23,51,9,88-22-positional59,15,69,13,82	0.55	66	54	120
positional40,24,71,10,89-6-positional33,28,57,8,88	0.5471698113207547	58	48	106
positional42,33,64,4,98-0-positional59,15,69,13,82	0.539568345323741	75	64	139
positional31,27,77,3,87-22-positional49,31,74,7,83	0.536	67	58	125
positional42,33,64,4,98	0.5328467153284672	73	64	137
positional49,23,51,9,88-0-positional49,31,74,7,83	0.5314685314685315	76	67	143
positional49,23,51,9,88-6-positional37,23,71,4,90	0.5301204819277109	44	39	83
positional42,33,64,4,98	0.528	66	59	125
positional42,33,64,4,98	0.5268817204301075	49	44	93
positional31,27,77,3,87-11-positional33,28,57,8,88	0.5238095238095238	22	20	42
positional42,33,64,4,98-6-positional33,28,57,8,88	0.5197368421052632	79	73	152
positional42,33,64,4,98-11-positional48,16,66,11,96	0.5185185185185185	56	52	108
positional40,24,71,10,89-6-positional33,28,57,8,88	0.5104166666666666	49	47	96
positional49,23,51,9,88	0.5099337748344371	77	74	151
positional49,23,51,9,88-0-positional59,15,69,13,82	0.5093167701863354	82	79	161
positional49,23,51,9,88-11-positional48,16,66,11,96	0.509090909090909	28	27	55
positional42,33,64,4,98-6-positional37,23,71,4,90	0.5060975609756098	83	81	164
positional31,27,77,3,87	0.5060240963855421	42	41	83
positional40,24,71,10,89-11-positional48,16,66,11,96	0.5054945054945055	46	45	91
positional31,27,77,3,87-22-positional49,31,74,7,83	0.5051546391752577	49	48	97
positional31,27,77,3,87	0.5040650406504065	62	61	123
positional42,33,64,4,98-11-positional33,28,57,8,88	0.5	55	55	110
positional49,23,51,9,88-0-positional48,16,66,11,96	0.5	61	61	122
positional31,27,77,3,87	0.4954128440366973	54	55	109
positional58,17,78,5,90	0.4939759036144578	41	42	83
positional42,33,64,4,98	0.4915254237288136	58	60	118
positional42,33,64,4,98-0-positional49,31,74,7,83	0.4876543209876543	79	83	162
positional40,24,71,10,89	0.48623853211009177	53	56	109
positional31,27,77,3,87-11-positional59,15,69,13,82	0.48598130841121495	52	55	107
positional31,27,77,3,87	0.48	60	65	125
positional42,33,64,4,98-22-positional49,31,74,7,83	0.4782608695652174	33	36	69
positional42,33,64,4,98-21-positional33,28,60,12,91	0.4768211920529801	72	79	151
positional40,24,71,10,89	0.47107438016528924	57	64	121
positional31,27,77,3,87	0.47058823529411764	56	63	119
positional42,33,64,4,98-11-positional59,15,69,13,82	0.4695121951219512	77	87	164
positional40,24,71,10,89-11-positional48,16,66,11,96	0.46835443037974683	37	42	79
positional42,33,64,4,98	0.46808510638297873	44	50	94
positional42,33,64,4,98	0.4676258992805755	65	74	139
positional40,24,71,10,89	0.4672897196261682	50	57	107
positional31,27,77,3,87	0.45454545454545453	25	30	55
positional31,27,77,3,87	0.45454545454545453	30	36	66
positional40,24,71,10,89	0.45263157894736844	43	52	95
positional31,27,77,3,87	0.45161290322580644	56	68	124
positional42,33,64,4,98	0.44776119402985076	30	37	67
positional42,33,64,4,98-21-positional33,28,60,12,91	0.4452054794520548	65	81	146
positional49,23,51,9,88	0.4362745098039216	89	115	204
positional42,33,64,4,98	0.43103448275862066	75	99	174
positional49,23,51,9,88	0.42857142857142855	12	16	28
positional42,33,64,4,98	0.42857142857142855	24	32	56
positional42,33,64,4,98	0.40476190476190477	17	25	42
positional40,24,71,10,89	0.39166666666666666	47	73	120
