positional58,17,78,5,90-0-positional59,15,69,13,82	NaN	0	0	0
positional40,24,71,10,89	0.6016260162601627	74	49	123
positional40,24,71,10,89-11-positional59,15,69,13,82	0.5944444444444444	107	73	180
positional31,27,77,3,87-11-positional33,28,57,8,88	0.5802469135802469	47	34	81
positional42,33,64,4,98	0.5783132530120482	48	35	83
positional40,24,71,10,89-6-positional33,28,57,8,88	0.5648148148148148	61	47	108
positional40,24,71,10,89	0.5567010309278351	54	43	97
positional49,23,51,9,88-11-positional48,16,66,11,96	0.5564516129032258	69	55	124
positional42,33,64,4,98-0-positional49,31,74,7,83	0.5528455284552846	68	55	123
positional42,33,64,4,98	0.5522388059701493	37	30	67
positional42,33,64,4,98-11-positional48,16,66,11,96	0.5487804878048781	45	37	82
positional42,33,64,4,98	0.5454545454545454	72	60	132
positional58,17,78,5,90-0-positional49,31,74,7,83	0.5365853658536586	66	57	123
positional42,33,64,4,98	0.5357142857142857	45	39	84
positional42,33,64,4,98-11-positional37,23,71,4,90	0.5321100917431193	58	51	109
positional42,33,64,4,98-0-positional33,28,57,8,88	0.5294117647058824	36	32	68
positional42,33,64,4,98-0-positional59,15,69,13,82	0.5272727272727272	58	52	110
positional42,33,64,4,98	0.5263157894736842	50	45	95
positional40,24,71,10,89-6-positional33,28,57,8,88	0.5230769230769231	34	31	65
positional58,17,78,5,90-0-positional59,15,69,13,82	0.5229357798165137	57	52	109
positional42,33,64,4,98-0-positional59,15,69,13,82	0.5227272727272727	92	84	176
positional42,33,64,4,98	0.5202312138728323	90	83	173
positional31,27,77,3,87-0-positional37,23,71,4,90	0.518324607329843	99	92	191
positional42,33,64,4,98-0-positional48,16,66,11,96	0.5178571428571429	58	54	112
positional42,33,64,4,98-0-positional48,16,66,11,96	0.5154639175257731	50	47	97
positional40,24,71,10,89-0-positional49,31,74,7,83	0.5133333333333333	77	73	150
positional58,17,78,5,90-0-positional37,23,71,4,90	0.5121951219512195	63	60	123
positional42,33,64,4,98	0.5104166666666666	49	47	96
positional49,23,51,9,88-6-positional33,28,57,8,88	0.5072463768115942	35	34	69
positional42,33,64,4,98-0-positional59,15,69,13,82	0.5072463768115942	35	34	69
positional42,33,64,4,98	0.5055555555555555	91	89	180
positional42,33,64,4,98-11-positional59,15,69,13,82	0.5052631578947369	48	47	95
positional40,24,71,10,89	0.5	61	61	122
positional42,33,64,4,98-0-positional48,16,66,11,96	0.5	54	54	108
positional42,33,64,4,98-0-positional33,28,57,8,88	0.4950980392156863	101	103	204
positional42,33,64,4,98	0.4857142857142857	51	54	105
positional58,17,78,5,90	0.4835164835164835	44	47	91
positional42,33,64,4,98-6-positional49,31,74,7,83	0.48148148148148145	39	42	81
positional40,24,71,10,89-22-positional49,31,74,7,83	0.48148148148148145	39	42	81
positional42,33,64,4,98-6-positional37,23,71,4,90	0.4782608695652174	33	36	69
positional42,33,64,4,98-6-positional48,16,66,11,96	0.47560975609756095	39	43	82
positional42,33,64,4,98	0.47540983606557374	58	64	122
positional40,24,71,10,89-6-positional37,23,71,4,90	0.47540983606557374	58	64	122
positional42,33,64,4,98	0.475	19	21	40
positional49,23,51,9,88	0.46987951807228917	39	44	83
positional42,33,64,4,98-6-positional49,31,74,7,83	0.4659090909090909	41	47	88
positional58,17,78,5,90-11-positional48,16,66,11,96	0.463855421686747	77	89	166
positional42,33,64,4,98-6-positional37,23,71,4,90	0.4583333333333333	44	52	96
positional40,24,71,10,89-6-positional33,28,57,8,88	0.4578313253012048	38	45	83
positional31,27,77,3,87	0.4578313253012048	38	45	83
positional40,24,71,10,89-11-positional48,16,66,11,96	0.4578313253012048	38	45	83
positional58,17,78,5,90-0-positional37,23,71,4,90	0.45517241379310347	66	79	145
positional49,23,51,9,88-22-positional59,15,69,13,82	0.45121951219512196	37	45	82
positional42,33,64,4,98-0-positional48,16,66,11,96	0.4457831325301205	37	46	83
positional42,33,64,4,98-0-positional48,16,66,11,96	0.44339622641509435	47	59	106
positional40,24,71,10,89-6-positional49,31,74,7,83	0.44025157232704404	70	89	159
positional49,23,51,9,88	0.43902439024390244	72	92	164
positional49,23,51,9,88-0-positional48,16,66,11,96	0.42592592592592593	46	62	108
positional42,33,64,4,98	0.4146341463414634	17	24	41
positional42,33,64,4,98-0-positional59,15,69,13,82	0.36796536796536794	85	146	231
