positional40,24,71,10,89	0.6341463414634146	26	15	41
positional49,23,51,9,88	0.6132075471698113	65	41	106
positional42,33,64,4,98-11-positional59,15,69,13,82	0.5925925925925926	48	33	81
positional42,33,64,4,98-0-positional37,23,71,4,90	0.5793650793650794	73	53	126
positional40,24,71,10,89-6-positional59,15,69,13,82	0.5766871165644172	94	69	163
positional42,33,64,4,98-11-positional48,16,66,11,96	0.55	66	54	120
positional40,24,71,10,89-11-positional59,15,69,13,82	0.5492227979274611	106	87	193
positional40,24,71,10,89-6-positional37,23,71,4,90	0.5434782608695652	50	42	92
positional42,33,64,4,98-11-positional59,15,69,13,82	0.5374149659863946	79	68	147
positional58,17,78,5,90-0-positional48,16,66,11,96	0.5364238410596026	81	70	151
positional42,33,64,4,98	0.5363636363636364	59	51	110
positional42,33,64,4,98	0.5338345864661654	71	62	133
positional40,24,71,10,89-11-positional48,16,66,11,96	0.524390243902439	86	78	164
positional40,24,71,10,89-6-positional37,23,71,4,90	0.5230769230769231	68	62	130
positional42,33,64,4,98	0.5203252032520326	64	59	123
positional42,33,64,4,98-0-positional49,31,74,7,83	0.5180722891566265	43	40	83
positional40,24,71,10,89-6-positional49,31,74,7,83	0.5157894736842106	49	46	95
positional40,24,71,10,89	0.5157894736842106	49	46	95
positional49,23,51,9,88	0.5137614678899083	56	53	109
positional58,17,78,5,90-11-positional59,15,69,13,82	0.5092592592592593	55	53	108
positional42,33,64,4,98	0.5085714285714286	89	86	175
positional42,33,64,4,98	0.5074626865671642	68	66	134
positional42,33,64,4,98-0-positional48,16,66,11,96	0.5067567567567568	75	73	148
positional42,33,64,4,98-11-positional49,31,74,7,83	0.5052631578947369	48	47	95
positional42,33,64,4,98-11-positional59,15,69,13,82	0.5046728971962616	54	53	107
positional40,24,71,10,89-11-positional59,15,69,13,82	0.5042016806722689	60	59	119
positional40,24,71,10,89-11-positional48,16,66,11,96	0.5040650406504065	62	61	123
positional40,24,71,10,89-6-positional59,15,69,13,82	0.5	60	60	120
positional40,24,71,10,89-11-positional59,15,69,13,82	0.5	47	47	94
positional58,17,78,5,90-0-positional59,15,69,13,82	0.5	53	53	106
positional49,23,51,9,88-0-positional49,31,74,7,83	0.4939759036144578	41	42	83
positional42,33,64,4,98	0.4935064935064935	38	39	77
positional42,33,64,4,98	0.49230769230769234	32	33	65
positional42,33,64,4,98-0-positional48,16,66,11,96	0.4918032786885246	60	62	122
positional40,24,71,10,89	0.49056603773584906	26	27	53
positional42,33,64,4,98-11-positional33,28,57,8,88	0.4864864864864865	72	76	148
positional42,33,64,4,98-0-positional49,31,74,7,83	0.48148148148148145	26	28	54
positional40,24,71,10,89-0-positional59,15,69,13,82	0.48148148148148145	39	42	81
positional40,24,71,10,89-11-positional33,28,57,8,88	0.4796747967479675	59	64	123
positional40,24,71,10,89-11-positional48,16,66,11,96	0.47761194029850745	32	35	67
positional42,33,64,4,98	0.475	19	21	40
positional42,33,64,4,98-0-positional33,28,57,8,88	0.47058823529411764	32	36	68
positional49,23,51,9,88	0.46774193548387094	58	66	124
positional42,33,64,4,98-11-positional33,28,57,8,88	0.4673913043478261	43	49	92
positional42,33,64,4,98-0-positional59,15,69,13,82	0.4594594594594595	68	80	148
positional42,33,64,4,98-11-positional59,15,69,13,82	0.45864661654135336	61	72	133
positional42,33,64,4,98-0-positional48,16,66,11,96	0.45864661654135336	61	72	133
positional40,24,71,10,89-0-positional48,16,66,11,96	0.4574468085106383	43	51	94
positional40,24,71,10,89-0-positional48,16,66,11,96	0.45652173913043476	63	75	138
positional40,24,71,10,89-11-positional48,16,66,11,96	0.45652173913043476	42	50	92
positional49,23,51,9,88	0.45454545454545453	30	36	66
positional58,17,78,5,90-0-positional37,23,71,4,90	0.45454545454545453	60	72	132
positional42,33,64,4,98-21-positional33,28,57,8,88	0.4537037037037037	49	59	108
positional49,23,51,9,88	0.4492753623188406	62	76	138
positional40,24,71,10,89-11-positional59,15,69,13,82	0.44680851063829785	42	52	94
positional31,27,77,3,87-11-positional48,16,66,11,96	0.4423076923076923	46	58	104
positional42,33,64,4,98	0.4329896907216495	42	55	97
positional31,27,77,3,87-6-positional33,28,57,8,88	0.42028985507246375	29	40	69
positional49,23,51,9,88	0.417910447761194	28	39	67
positional42,33,64,4,98	0.40298507462686567	27	40	67
