positional40,24,71,10,89-11-positional59,15,69,13,82	0.6481481481481481	35	19	54
positional49,23,51,9,88-0-positional48,16,66,11,96	0.6029411764705882	82	54	136
positional40,24,71,10,89-0-positional49,31,74,7,83	0.5925925925925926	32	22	54
positional40,24,71,10,89	0.582089552238806	39	28	67
positional42,33,64,4,98-11-positional48,16,66,11,96	0.5806451612903226	54	39	93
positional42,33,64,4,98-11-positional59,15,69,13,82	0.5636363636363636	62	48	110
positional42,33,64,4,98-11-positional59,15,69,13,82	0.5543478260869565	51	41	92
positional42,33,64,4,98-11-positional48,16,66,11,96	0.5528455284552846	68	55	123
positional40,24,71,10,89-0-positional33,28,57,8,88	0.5441176470588235	37	31	68
positional42,33,64,4,98	0.5421686746987951	45	38	83
positional49,23,51,9,88-11-positional37,23,71,4,90	0.5412844036697247	59	50	109
positional58,17,78,5,90-11-positional59,15,69,13,82	0.54	27	23	50
positional42,33,64,4,98-11-positional59,15,69,13,82	0.5371900826446281	65	56	121
positional42,33,64,4,98-0-positional59,15,69,13,82	0.5365853658536586	66	57	123
positional40,24,71,10,89-11-positional59,15,69,13,82	0.5362318840579711	74	64	138
positional42,33,64,4,98-11-positional37,23,71,4,90	0.5308641975308642	43	38	81
positional40,24,71,10,89	0.5308641975308642	86	76	162
positional40,24,71,10,89-6-positional48,16,66,11,96	0.5307262569832403	95	84	179
positional40,24,71,10,89	0.5268817204301075	49	44	93
positional42,33,64,4,98-11-positional48,16,66,11,96	0.5263157894736842	50	45	95
positional40,24,71,10,89-6-positional59,15,69,13,82	0.5185185185185185	70	65	135
positional40,24,71,10,89	0.5163934426229508	63	59	122
positional40,24,71,10,89-11-positional48,16,66,11,96	0.5151515151515151	68	64	132
positional42,33,64,4,98-11-positional37,23,71,4,90	0.5147058823529411	70	66	136
positional58,17,78,5,90-6-positional37,23,71,4,90	0.5063291139240507	40	39	79
positional42,33,64,4,98-11-positional37,23,71,4,90	0.5058823529411764	86	84	170
positional42,33,64,4,98-0-positional59,15,69,13,82	0.5046728971962616	54	53	107
positional40,24,71,10,89-11-positional48,16,66,11,96	0.5	53	53	106
positional40,24,71,10,89-11-positional48,16,66,11,96	0.5	49	49	98
positional40,24,71,10,89-11-positional59,15,69,13,82	0.4966442953020134	74	75	149
positional42,33,64,4,98-0-positional48,16,66,11,96	0.4953271028037383	53	54	107
positional42,33,64,4,98-11-positional48,16,66,11,96	0.4936708860759494	39	40	79
positional42,33,64,4,98	0.4936708860759494	78	80	158
positional40,24,71,10,89-6-positional48,16,66,11,96	0.4927536231884058	34	35	69
positional40,24,71,10,89-11-positional48,16,66,11,96	0.49230769230769234	32	33	65
positional49,23,51,9,88	0.49171270718232046	89	92	181
positional40,24,71,10,89-6-positional37,23,71,4,90	0.49056603773584906	26	27	53
positional42,33,64,4,98-11-positional49,31,74,7,83	0.48905109489051096	67	70	137
positional42,33,64,4,98-11-positional59,15,69,13,82	0.4875	39	41	80
positional40,24,71,10,89	0.48623853211009177	53	56	109
positional58,17,78,5,90-11-positional37,23,71,4,90	0.4845360824742268	47	50	97
positional42,33,64,4,98	0.48148148148148145	39	42	81
positional58,17,78,5,90-0-positional48,16,66,11,96	0.48148148148148145	26	28	54
positional40,24,71,10,89-11-positional48,16,66,11,96	0.4782608695652174	77	84	161
positional58,17,78,5,90	0.4772727272727273	63	69	132
positional49,23,51,9,88-0-positional49,31,74,7,83	0.4723926380368098	77	86	163
positional42,33,64,4,98-11-positional59,15,69,13,82	0.4722222222222222	51	57	108
positional40,24,71,10,89-6-positional37,23,71,4,90	0.4700854700854701	55	62	117
positional42,33,64,4,98-11-positional37,23,71,4,90	0.4634146341463415	38	44	82
positional42,33,64,4,98	0.45454545454545453	50	60	110
positional58,17,78,5,90-0-positional37,23,71,4,90	0.45454545454545453	55	66	121
positional42,33,64,4,98-11-positional37,23,71,4,90	0.44594594594594594	66	82	148
positional58,17,78,5,90-6-positional59,15,69,13,82	0.44565217391304346	41	51	92
positional58,17,78,5,90-11-positional48,16,66,11,96	0.4391891891891892	65	83	148
positional42,33,64,4,98-0-positional49,31,74,7,83	0.4344262295081967	53	69	122
positional42,33,64,4,98-11-positional49,31,74,7,83	0.4266666666666667	64	86	150
positional42,33,64,4,98-0-positional48,16,66,11,96	0.4264705882352941	29	39	68
positional42,33,64,4,98-0-positional48,16,66,11,96	0.4	16	24	40
positional40,24,71,10,89-0-positional48,16,66,11,96	0.39705882352941174	27	41	68
positional40,24,71,10,89-11-positional48,16,66,11,96	0.38738738738738737	43	68	111
