positional42,33,64,4,98-6-positional59,15,69,13,82	0.5841584158415841	59	42	101
positional40,24,71,10,89-0-positional59,15,69,13,82	0.5654450261780105	108	83	191
positional42,33,64,4,98-11-positional33,28,57,8,88	0.5609756097560976	69	54	123
positional42,33,64,4,98-11-positional59,15,69,13,82	0.5492957746478874	78	64	142
positional42,33,64,4,98	0.5483870967741935	68	56	124
positional40,24,71,10,89-6-positional59,15,69,13,82	0.5478927203065134	143	118	261
positional42,33,64,4,98-11-positional49,31,74,7,83	0.5460992907801419	77	64	141
positional40,24,71,10,89-0-positional37,23,71,4,90	0.5441176470588235	74	62	136
positional42,33,64,4,98-0-positional37,23,71,4,90	0.5411764705882353	46	39	85
positional40,24,71,10,89-11-positional59,15,69,13,82	0.5392491467576792	158	135	293
positional40,24,71,10,89	0.5384615384615384	84	72	156
positional42,33,64,4,98	0.5360824742268041	104	90	194
positional40,24,71,10,89	0.5232558139534884	90	82	172
positional42,33,64,4,98-11-positional33,28,57,8,88	0.5229885057471264	91	83	174
positional40,24,71,10,89-0-positional59,15,69,13,82	0.5229885057471264	91	83	174
positional40,24,71,10,89-11-positional59,15,69,13,82	0.52046783625731	89	82	171
positional42,33,64,4,98-0-positional59,15,69,13,82	0.5202312138728323	90	83	173
positional40,24,71,10,89-0-positional59,15,69,13,82	0.5189873417721519	82	76	158
positional40,24,71,10,89	0.5188284518828452	124	115	239
positional40,24,71,10,89	0.5163934426229508	63	59	122
positional40,24,71,10,89-0-positional59,15,69,13,82	0.5161290322580645	80	75	155
positional42,33,64,4,98-11-positional37,23,71,4,90	0.5155555555555555	116	109	225
positional42,33,64,4,98-0-positional59,15,69,13,82	0.5153846153846153	134	126	260
positional40,24,71,10,89-0-positional59,15,69,13,82	0.5144230769230769	107	101	208
positional42,33,64,4,98-0-positional33,28,57,8,88	0.5116279069767442	44	42	86
positional40,24,71,10,89-11-positional59,15,69,13,82	0.5098039215686274	52	50	102
positional42,33,64,4,98	0.5096153846153846	53	51	104
positional42,33,64,4,98-11-positional37,23,71,4,90	0.5082644628099173	123	119	242
positional42,33,64,4,98-11-positional37,23,71,4,90	0.5057471264367817	44	43	87
positional40,24,71,10,89-11-positional37,23,71,4,90	0.5041666666666667	121	119	240
positional40,24,71,10,89-11-positional33,28,57,8,88	0.5028248587570622	89	88	177
positional40,24,71,10,89-11-positional59,15,69,13,82	0.5019011406844106	132	131	263
positional40,24,71,10,89-11-positional49,31,74,7,83	0.49640287769784175	138	140	278
positional42,33,64,4,98-0-positional59,15,69,13,82	0.49514563106796117	51	52	103
positional40,24,71,10,89-0-positional59,15,69,13,82	0.4918032786885246	60	62	122
positional42,33,64,4,98-11-positional33,28,57,8,88	0.49029126213592233	101	105	206
positional42,33,64,4,98-11-positional59,15,69,13,82	0.4889867841409692	111	116	227
positional42,33,64,4,98-11-positional59,15,69,13,82	0.4873417721518987	77	81	158
positional42,33,64,4,98	0.48704663212435234	94	99	193
positional40,24,71,10,89-11-positional59,15,69,13,82	0.483739837398374	119	127	246
positional40,24,71,10,89	0.48148148148148145	52	56	108
positional42,33,64,4,98	0.4793814432989691	93	101	194
positional42,33,64,4,98-0-positional37,23,71,4,90	0.47843137254901963	122	133	255
positional40,24,71,10,89-0-positional33,28,57,8,88	0.4767932489451477	113	124	237
positional40,24,71,10,89-0-positional59,15,69,13,82	0.47643979057591623	91	100	191
positional42,33,64,4,98-11-positional59,15,69,13,82	0.4745762711864407	56	62	118
positional42,33,64,4,98-11-positional37,23,71,4,90	0.4732510288065844	115	128	243
positional40,24,71,10,89-11-positional37,23,71,4,90	0.4716981132075472	25	28	53
positional42,33,64,4,98-11-positional59,15,69,13,82	0.47126436781609193	82	92	174
positional40,24,71,10,89	0.470873786407767	97	109	206
positional42,33,64,4,98-11-positional49,31,74,7,83	0.4666666666666667	105	120	225
positional40,24,71,10,89-0-positional33,28,57,8,88	0.4635416666666667	89	103	192
positional42,33,64,4,98-0-positional59,15,69,13,82	0.461038961038961	71	83	154
positional40,24,71,10,89-11-positional49,31,74,7,83	0.45454545454545453	70	84	154
positional42,33,64,4,98-11-positional33,28,57,8,88	0.4514285714285714	79	96	175
positional40,24,71,10,89-0-positional59,15,69,13,82	0.45098039215686275	46	56	102
positional42,33,64,4,98-11-positional33,28,57,8,88	0.44166666666666665	53	67	120
positional42,33,64,4,98-11-positional49,31,74,7,83	0.4318181818181818	38	50	88
positional42,33,64,4,98-0-positional37,23,71,4,90	0.42857142857142855	75	100	175
positional40,24,71,10,89-11-positional49,31,74,7,83	0.4189189189189189	93	129	222
