mobility0.06	NaN	0	0	0
corners	NaN	0	0	0
mobility0.52	NaN	0	0	0
greedy-6-mobility0.74	NaN	0	0	0
mobility0.91-17-mobility0.58	NaN	0	0	0
greedy	NaN	0	0	0
mobility0.52-14-greedy	NaN	0	0	0
mobility0.06-17-corners	0.875	7	1	8
mobility0.15	0.7	28	12	40
mobility0.06	0.6875	11	4	16
mobility0.54-24-mobility0.63	0.625	15	9	24
mobility0.64-0-mobility0.47	0.625	10	6	16
mobility0.15-13-mobility0.53	0.625	10	6	16
mobility0.54	0.625	25	14	40
mobility0.16	0.5833333333333334	14	9	24
mobility0.15	0.5833333333333334	14	9	24
stable0.86-20-stable0.39	0.5833333333333334	14	10	24
greedy-0-mobility0.98	0.5625	18	13	32
mobility0.46-17-stable0.77	0.5416666666666666	13	11	24
mobility0.46	0.5416666666666666	13	11	24
corners-24-greedy	0.5	8	7	16
mobility0.06-6-stable0.88	0.46875	15	15	32
greedy	0.4583333333333333	11	12	24
mobility0.15-16-stable0.84	0.4583333333333333	11	12	24
stable0.75	0.45	18	21	40
greedy-20-stable0.39	0.44642857142857145	25	29	56
mobility0.89	0.4375	21	27	48
mobility0.46-5-corners	0.4375	14	17	32
greedy-5-greedy	0.4375	7	9	16
mobility0.15-24-stable0.66	0.4375	7	9	16
corners-15-corners	0.42857142857142855	24	31	56
stable0.19-5-mobility0.66	0.425	17	21	40
stable0.34-0-corners	0.4166666666666667	20	26	48
mobility0.16	0.4166666666666667	10	13	24
mobility0.93	0.40625	26	32	64
mobility0.91	0.375	3	5	8
greedy-19-corners	0.375	3	4	8
greedy	0.375	9	14	24
stable0.66	0.375	3	5	8
mobility0.59-20-stable0.39	0.375	9	15	24
greedy-20-stable0.39	0.375	9	14	24
mobility0.06-9-mobility0.98	0.375	9	15	24
stable0.19	0.359375	23	38	64
corners-5-stable0.84	0.3541666666666667	17	28	48
stable0.91-0-mobility0.12	0.3541666666666667	17	30	48
mobility0.91-23-corners	0.34375	11	20	32
stable0.75	0.3125	10	22	32
greedy-18-greedy	0.2916666666666667	7	16	24
stable0.89-19-mobility1.00	0.28125	9	23	32
mobility0.54-9-stable0.75	0.25	8	23	32
