stable0.47-5-mobility0.28	0.65	117	61	180
mobility0.38	0.6458333333333334	93	47	144
mobility0.25-0-stable0.29	0.6296296296296297	136	76	216
mobility0.25	0.6296296296296297	102	54	162
mobility0.25-0-stable0.29	0.6068376068376068	142	87	234
mobility0.83-9-greedy	0.5617283950617284	91	65	162
mobility0.83-9-greedy	0.5555555555555556	50	37	90
mobility0.25-0-greedy	0.5486111111111112	79	60	144
mobility0.25-0-greedy	0.5476190476190477	138	105	252
mobility0.38	0.5416666666666666	78	62	144
mobility0.96-9-greedy	0.5277777777777778	95	79	180
corners-18-corners	0.5277777777777778	76	63	144
mobility0.38-9-greedy	0.5231481481481481	113	95	216
mobility0.75-0-stable0.29	0.5222222222222223	94	83	180
greedy	0.5222222222222223	94	82	180
greedy	0.5196078431372549	159	135	306
mobility0.87-24-greedy	0.4888888888888889	88	83	180
corners	0.48333333333333334	87	88	180
mobility0.83	0.48148148148148145	52	53	108
mobility0.91	0.48148148148148145	78	78	162
mobility0.38-24-greedy	0.48148148148148145	52	52	108
mobility0.48-16-corners	0.48148148148148145	104	106	216
greedy-16-stable0.60	0.48148148148148145	130	128	270
greedy-0-greedy	0.4801587301587302	121	128	252
mobility0.83	0.4777777777777778	86	93	180
mobility0.38-6-stable0.39	0.47530864197530864	77	76	162
mobility0.52-0-greedy	0.4666666666666667	84	91	180
mobility0.83	0.46296296296296297	50	54	108
greedy-9-greedy	0.46296296296296297	75	86	162
greedy-0-corners	0.46296296296296297	100	114	216
mobility0.83	0.4618055555555556	133	143	288
stable0.47-24-greedy	0.4603174603174603	58	64	126
stable0.47-24-greedy	0.4603174603174603	58	62	126
stable0.05	0.4595959595959596	91	103	198
mobility0.87-0-greedy	0.45555555555555555	82	93	180
mobility0.53	0.45454545454545453	90	105	198
greedy-9-stable0.60	0.45454545454545453	90	105	198
mobility0.83-24-corners	0.45	81	96	180
mobility0.96-5-greedy	0.45	81	91	180
corners-6-stable0.60	0.4444444444444444	72	87	162
mobility0.87	0.43333333333333335	78	100	180
corners	0.4305555555555556	93	117	216
mobility0.83-9-stable0.85	0.42735042735042733	100	127	234
mobility0.96	0.4166666666666667	75	100	180
greedy-0-stable0.29	0.4012345679012346	65	93	162
mobility0.75	0.39814814814814814	43	61	108
mobility0.87	0.373015873015873	47	75	126
greedy-15-stable0.75	0.36507936507936506	92	151	252
mobility0.95	0.3395061728395062	55	97	162
greedy-17-corners	0.3333333333333333	42	76	126
