stable0.11	NaN	0	0	0
positional44,20,61,3,97	NaN	0	0	0
positional38,20,67,1,94	NaN	0	0	0
corners	NaN	0	0	0
corners-9-greedy	NaN	0	0	0
positional53,31,55,14,83	0.8333333333333334	30	6	36
positional38,24,55,4,94	0.8222222222222222	74	13	90
positional46,22,59,5,86	0.7777777777777778	28	6	36
positional55,27,63,12,86	0.7222222222222222	52	19	72
greedy-9-positional45,27,54,11,84	0.7222222222222222	13	5	18
positional45,22,56,0,80	0.6388888888888888	23	11	36
positional53,32,60,1,80	0.6388888888888888	23	12	36
stable0.08-12-greedy	0.6111111111111112	11	7	18
positional50,23,67,3,94	0.5925925925925926	32	20	54
mobility0.24	0.5833333333333334	42	29	72
positional33,31,62,12,84	0.5555555555555556	10	7	18
stable0.02-15-mobility0.34	0.5555555555555556	20	15	36
mobility0.55-12-stable0.02	0.5333333333333333	48	41	90
stable0.11	0.5138888888888888	37	33	72
greedy-8-stable0.08	0.5	9	9	18
positional33,25,73,7,95-14-greedy	0.4861111111111111	35	37	72
greedy-15-stable0.22	0.4722222222222222	17	16	36
greedy-23-greedy	0.4722222222222222	34	38	72
greedy	0.4537037037037037	49	55	108
positional53,24,72,4,88-20-greedy	0.4444444444444444	16	19	36
mobility0.15-12-mobility0.87	0.4444444444444444	40	46	90
stable0.98-17-stable0.22	0.4444444444444444	8	10	18
corners-23-mobility0.94	0.4444444444444444	24	28	54
corners-6-corners	0.4444444444444444	24	27	54
mobility0.91	0.42592592592592593	23	28	54
stable0.27-15-greedy	0.42592592592592593	23	31	54
stable0.74	0.4166666666666667	15	20	36
mobility0.68-13-greedy	0.4166666666666667	30	39	72
mobility0.98	0.4027777777777778	29	38	72
corners	0.4027777777777778	29	41	72
greedy-11-greedy	0.4027777777777778	29	43	72
corners-18-stable0.29	0.4	36	52	90
stable1.00	0.3888888888888889	14	20	36
corners	0.3888888888888889	7	10	18
greedy-19-corners	0.3888888888888889	14	18	36
positional57,20,55,9,99-20-mobility0.93	0.3888888888888889	7	9	18
stable0.66	0.375	27	42	72
mobility0.13-12-corners	0.3611111111111111	26	44	72
stable0.03	0.35185185185185186	38	65	108
mobility0.92	0.35185185185185186	19	33	54
corners	0.35185185185185186	19	35	54
greedy-20-stable0.10	0.35185185185185186	19	33	54
mobility0.98-16-greedy	0.35185185185185186	19	31	54
corners-18-corners	0.3333333333333333	18	36	54
corners-5-mobility0.47	0.3333333333333333	12	20	36
mobility0.51-7-stable0.67	0.3194444444444444	23	43	72
mobility1.00	0.3148148148148148	17	34	54
greedy-24-stable0.26	0.3111111111111111	28	57	90
positional47,31,78,12,96-9-stable0.07	0.2962962962962963	16	37	54
greedy-6-mobility0.89	0.2962962962962963	16	33	54
stable0.32-15-corners	0.2962962962962963	16	37	54
stable0.72-18-mobility0.01	0.2638888888888889	19	49	72
corners	0.25925925925925924	14	37	54
greedy-8-corners	0.25925925925925924	14	35	54
corners-10-mobility0.89	0.2222222222222222	4	13	18
