positional45,22,56,0,80	NaN	0	0	0
positional46,15,59,1,82-18-positional54,24,65,5,94	NaN	0	0	0
positional46,15,59,1,82-18-positional54,24,65,5,94	NaN	0	0	0
stable0.88	NaN	0	0	0
positional39,25,61,11,99	NaN	0	0	0
positional56,28,65,0,95	NaN	0	0	0
positional41,32,56,14,80	0.9375	15	0	16
positional56,28,65,0,95	0.7142857142857143	10	4	14
positional37,33,78,7,80	0.6444444444444445	58	28	90
positional34,16,51,9,87	0.6428571428571429	9	5	14
positional55,27,63,12,86	0.6415094339622641	68	34	106
positional46,15,59,1,82	0.625	10	5	16
positional45,22,56,0,80	0.6148648648648649	91	51	148
positional45,22,56,0,80	0.6148648648648649	91	51	148
positional45,22,56,0,80	0.6148648648648649	91	51	148
positional45,22,56,0,80	0.6148648648648649	91	51	148
positional56,28,65,0,95	0.6111111111111112	11	6	18
positional33,31,62,12,84	0.5972222222222222	86	49	144
positional33,31,62,12,84	0.5972222222222222	86	49	144
positional33,31,62,12,84	0.5972222222222222	86	49	144
positional53,24,72,4,88	0.5769230769230769	30	18	52
positional33,31,62,12,84	0.5555555555555556	10	6	18
positional53,24,72,4,88	0.52	26	24	50
mobility0.24	0.5172413793103449	60	55	116
positional34,16,51,9,87	0.5	8	6	16
positional45,22,56,0,80	0.5	42	40	84
positional55,27,63,12,86-7-positional58,23,72,2,93	0.5	18	16	36
positional45,24,54,2,86-13-corners	0.4722222222222222	17	18	36
positional45,24,54,2,86-13-corners	0.4722222222222222	17	18	36
positional53,24,72,4,88-20-greedy	0.35714285714285715	60	99	168
positional53,24,72,4,88-20-greedy	0.35714285714285715	60	99	168
positional53,24,72,4,88-20-greedy	0.35714285714285715	60	99	168
corners	0.34615384615384615	18	31	52
stable0.61-20-greedy	0.34375	11	21	32
corners	0.3375	54	101	160
corners	0.3076923076923077	40	83	130
corners	0.3076923076923077	40	83	130
corners	0.3068181818181818	27	58	88
mobility0.79	0.2923076923076923	38	88	130
mobility0.79	0.2923076923076923	38	88	130
mobility0.79	0.2923076923076923	38	88	130
mobility0.79	0.2923076923076923	38	88	130
greedy	0.2916666666666667	14	32	48
corners-10-mobility0.89	0.2887323943661972	41	95	142
corners-10-mobility0.89	0.2887323943661972	41	95	142
corners-10-mobility0.89	0.2887323943661972	41	95	142
mobility0.15	0.2777777777777778	10	25	36
mobility0.15	0.2777777777777778	10	25	36
mobility0.15	0.2777777777777778	10	25	36
greedy	0.2777777777777778	10	26	36
mobility0.15	0.2777777777777778	10	25	36
mobility0.15	0.2777777777777778	10	25	36
mobility0.58-9-mobility0.82	0.2708333333333333	13	34	48
mobility0.58-9-mobility0.82	0.2708333333333333	13	34	48
mobility0.58-9-mobility0.82	0.2708333333333333	13	34	48
positional45,22,56,0,80-16-corners	0.2682926829268293	22	58	82
corners	0.25757575757575757	34	89	132
corners	0.23170731707317074	19	62	82
corners	0.23170731707317074	19	62	82
stable0.61	0.22093023255813954	19	64	86
