positional46,25,66,11,94	NaN	0	0	0
positional57,17,73,5,91-19-positional56,30,75,10,95	0.7	21	8	30
positional46,25,66,11,94-18-positional54,21,73,8,90	0.6875	11	5	16
positional57,17,73,5,91-20-positional34,24,72,3,83	0.6875	44	19	64
positional55,18,60,0,96	0.6764705882352942	23	10	34
positional55,18,60,0,96	0.6764705882352942	23	10	34
positional55,18,60,0,96	0.6764705882352942	23	10	34
positional55,25,61,4,87-20-positional34,24,72,3,83	0.6764705882352942	46	21	68
positional55,18,60,0,96	0.6764705882352942	23	10	34
positional57,17,73,5,91-20-positional54,21,73,8,90	0.6470588235294118	44	19	68
positional46,25,66,11,94	0.6428571428571429	9	5	14
positional46,25,66,11,94	0.6428571428571429	9	5	14
positional46,25,66,11,94	0.6428571428571429	9	5	14
positional38,27,55,3,87-20-positional34,24,72,3,83	0.6428571428571429	9	5	14
positional46,25,66,11,94	0.6428571428571429	9	5	14
positional38,27,55,3,87-20-positional34,24,72,3,83	0.6428571428571429	9	5	14
positional57,17,73,5,91-6-positional34,24,72,3,83	0.6296296296296297	34	15	54
positional42,32,59,11,85	0.625	40	24	64
positional55,25,61,4,87	0.6142857142857143	43	26	70
greedy-22-positional56,30,75,10,95	0.6052631578947368	69	36	114
greedy-22-positional56,30,75,10,95	0.6052631578947368	69	36	114
positional45,33,76,14,87-15-positional54,21,73,8,90	0.6	30	16	50
positional46,25,66,11,94	0.5967741935483871	37	24	62
positional55,25,61,4,87-20-positional34,24,72,3,83	0.59375	38	24	64
positional57,17,73,5,91	0.58	29	20	50
positional39,22,52,12,93-0-positional34,24,72,3,83	0.573170731707317	47	27	82
positional42,32,59,11,85	0.5703125	73	54	128
positional42,32,59,11,85	0.5703125	73	54	128
positional45,33,76,14,87	0.5555555555555556	20	15	36
positional55,25,61,4,87	0.5487804878048781	90	66	164
positional55,25,61,4,87	0.5487804878048781	90	66	164
positional55,25,61,4,87	0.5487804878048781	90	66	164
positional55,25,61,4,87	0.5487804878048781	90	66	164
positional42,32,59,11,85-0-positional56,30,75,10,95	0.5	17	15	34
positional39,22,52,12,93	0.4807692307692308	25	27	52
corners-20-mobility0.18	0.3888888888888889	7	11	18
corners-22-corners	0.3620689655172414	42	73	116
greedy	0.32954545454545453	58	114	176
greedy	0.32954545454545453	58	114	176
greedy	0.32954545454545453	58	114	176
greedy	0.32954545454545453	58	114	176
greedy-15-mobility0.99	0.3225806451612903	20	38	62
greedy-20-greedy	0.30165289256198347	73	161	242
greedy-20-greedy	0.30165289256198347	73	161	242
greedy-20-greedy	0.30165289256198347	73	161	242
greedy-20-greedy	0.30165289256198347	73	161	242
greedy-20-greedy	0.30165289256198347	73	161	242
corners	0.2903225806451613	18	43	62
corners	0.2903225806451613	18	43	62
corners	0.2903225806451613	18	43	62
positional46,25,66,11,94-18-corners	0.28	14	35	50
mobility0.68	0.2777777777777778	5	12	18
mobility0.92	0.2604166666666667	25	68	96
positional57,17,73,5,91-6-greedy	0.25	47	133	188
positional45,33,76,14,87-5-corners	0.24380165289256198	59	172	242
positional45,33,76,14,87-5-corners	0.24380165289256198	59	172	242
positional55,25,61,4,87-22-greedy	0.1875	3	13	16
greedy	0.1794871794871795	14	61	78
mobility0.92	0.17647058823529413	6	26	34
positional37,25,51,10,95-11-greedy	0.1111111111111111	2	15	18
