positional31,20,55,2,97	NaN	0	0	0
mobility0.53	NaN	0	0	0
positional49,22,62,13,92	NaN	0	0	0
mobility0.53	NaN	0	0	0
positional49,22,62,13,92	NaN	0	0	0
positional49,22,62,13,92	NaN	0	0	0
positional49,22,62,13,92	0.8333333333333334	15	2	18
positional39,22,52,12,93-0-positional54,21,73,8,90	0.7115384615384616	37	13	52
positional55,25,61,4,87	0.6428571428571429	45	22	70
positional49,22,62,13,92-6-positional30,29,72,12,91	0.626984126984127	79	39	126
positional31,20,55,2,97-20-positional30,29,72,12,91	0.6176470588235294	21	13	34
positional55,18,60,0,96	0.6030927835051546	117	71	194
positional55,18,60,0,96	0.6030927835051546	117	71	194
positional55,18,60,0,96	0.6030927835051546	117	71	194
positional55,18,60,0,96	0.6030927835051546	117	71	194
positional55,18,60,0,96	0.6030927835051546	117	71	194
positional55,18,60,0,96	0.6030927835051546	117	71	194
positional46,25,66,11,94-18-positional54,21,73,8,90	0.6	42	28	70
positional49,22,62,13,92	0.5961538461538461	31	20	52
positional49,22,62,13,92-20-positional30,29,72,12,91	0.5882352941176471	60	42	102
positional46,25,66,11,94	0.5806451612903226	36	25	62
positional46,25,66,11,94	0.5806451612903226	36	25	62
positional55,25,61,4,87	0.5677966101694916	67	49	118
positional38,27,55,3,87-20-positional30,29,72,12,91	0.5673076923076923	59	40	104
positional38,27,55,3,87	0.5625	36	24	64
positional38,27,55,3,87-20-positional30,29,72,12,91	0.5568181818181818	98	73	176
positional38,27,55,3,87-20-positional30,29,72,12,91	0.5568181818181818	98	73	176
positional38,27,55,3,87-20-positional30,29,72,12,91	0.5568181818181818	98	73	176
positional38,27,55,3,87-20-positional30,29,72,12,91	0.5568181818181818	98	73	176
positional49,22,62,13,92	0.5348837209302325	46	35	86
positional46,25,66,11,94	0.5294117647058824	36	30	68
positional49,22,62,13,92	0.51	51	45	100
corners-19-positional37,15,74,5,80	0.5080645161290323	63	58	124
corners-19-positional37,15,74,5,80	0.5080645161290323	63	58	124
corners-19-positional37,15,74,5,80	0.5080645161290323	63	58	124
corners-20-positional30,29,72,12,91	0.4857142857142857	34	34	70
positional31,20,55,2,97-20-positional30,29,72,12,91	0.46511627906976744	40	43	86
positional46,25,66,11,94	0.4444444444444444	8	9	18
positional49,22,62,13,92-6-positional30,29,72,12,91	0.3888888888888889	7	11	18
corners-0-mobility0.18	0.3611111111111111	13	21	36
corners	0.35714285714285715	5	8	14
corners	0.35714285714285715	5	8	14
corners	0.35714285714285715	5	8	14
corners-20-mobility0.18	0.31343283582089554	42	88	134
corners-20-mobility0.18	0.31343283582089554	42	88	134
corners-20-mobility0.18	0.31343283582089554	42	88	134
corners-22-corners	0.2777777777777778	10	24	36
greedy-20-greedy	0.25853658536585367	106	286	410
greedy-20-greedy	0.25853658536585367	106	286	410
corners	0.25757575757575757	34	96	132
mobility0.68	0.25	26	74	104
mobility0.12-20-stable0.25	0.225	18	60	80
mobility0.12-20-stable0.25	0.225	18	60	80
positional55,25,61,4,87-22-greedy	0.20833333333333334	10	38	48
greedy	0.20588235294117646	7	27	34
greedy-17-greedy	0.1875	3	12	16
positional46,25,66,11,94-22-greedy	0.18181818181818182	16	70	88
positional49,22,62,13,92-20-stable0.42	0.15384615384615385	8	43	52
positional49,22,62,13,92-20-stable0.42	0.15384615384615385	8	43	52
positional49,22,62,13,92-20-stable0.42	0.15384615384615385	8	43	52
