mobility0.12-20-positional46,24,66,4,84	NaN	0	0	0
positional32,29,79,12,99-16-positional30,31,69,3,92	NaN	0	0	0
positional38,23,76,9,91	NaN	0	0	0
positional32,29,79,12,99-16-positional30,31,69,3,92	NaN	0	0	0
positional32,29,79,12,99-16-positional30,31,69,3,92	NaN	0	0	0
positional38,23,76,9,91-12-greedy	NaN	0	0	0
positional31,20,55,2,97-20-positional54,21,73,8,90	0.7777777777777778	14	3	18
positional32,29,79,12,99	0.671875	43	20	64
positional38,23,76,9,91	0.6666666666666666	12	6	18
corners-20-positional37,15,78,2,89	0.66	33	16	50
positional39,22,52,12,93	0.6538461538461539	34	18	52
positional38,27,55,3,87-20-positional37,15,78,2,89	0.6428571428571429	9	5	14
positional39,22,52,12,93	0.6086956521739131	28	16	46
greedy-17-positional54,21,73,8,90	0.6041666666666666	29	18	48
positional32,29,79,12,99-20-positional54,21,73,8,90	0.6	30	17	50
positional38,23,76,9,91-20-positional37,15,78,2,89	0.5931372549019608	121	81	204
positional38,23,76,9,91	0.5888888888888889	53	32	90
positional38,23,76,9,91	0.5888888888888889	53	32	90
positional38,23,76,9,91	0.5666666666666667	68	48	120
positional38,23,76,9,91	0.5666666666666667	68	48	120
corners-19-positional37,15,74,5,80	0.5632183908045977	98	73	174
positional38,23,76,9,91	0.5583333333333333	67	51	120
positional38,23,76,9,91	0.5583333333333333	67	51	120
positional38,23,76,9,91	0.5583333333333333	67	51	120
positional38,23,76,9,91	0.5576923076923077	29	23	52
positional38,23,76,9,91	0.53125	17	13	32
positional32,29,79,12,99-20-positional54,21,73,8,90	0.5	15	14	30
positional38,23,76,9,91	0.47058823529411764	16	15	34
mobility0.53	0.4444444444444444	16	19	36
positional38,23,76,9,91-16-stable0.19	0.4375	7	8	16
positional38,23,76,9,91	0.42857142857142855	12	15	28
mobility0.53	0.39090909090909093	43	63	110
mobility0.53	0.39090909090909093	43	63	110
mobility0.53	0.39090909090909093	43	63	110
positional38,23,76,9,91-6-mobility0.61	0.375	18	28	48
mobility0.00	0.358974358974359	28	48	78
mobility0.00	0.358974358974359	28	48	78
mobility0.00	0.358974358974359	28	48	78
positional32,29,79,12,99-20-stable0.42	0.3382352941176471	23	44	68
stable0.11	0.3305084745762712	39	73	118
stable0.11	0.3305084745762712	39	73	118
stable0.11	0.3305084745762712	39	73	118
positional38,23,76,9,91-20-stable0.42	0.32894736842105265	75	151	228
positional38,23,76,9,91-20-stable0.42	0.32894736842105265	75	151	228
positional38,23,76,9,91-20-stable0.42	0.32894736842105265	75	151	228
positional38,23,76,9,91-20-stable0.42	0.32894736842105265	75	151	228
positional38,23,76,9,91-20-stable0.42	0.32894736842105265	75	151	228
greedy-17-greedy	0.325	52	103	160
greedy-17-greedy	0.325	52	103	160
corners-22-corners	0.3173076923076923	33	68	104
corners	0.3157894736842105	48	98	152
corners	0.3157894736842105	48	98	152
corners	0.3157894736842105	48	98	152
corners	0.2866666666666667	43	105	150
corners	0.2866666666666667	43	105	150
corners	0.2866666666666667	43	105	150
corners	0.2692307692307692	14	38	52
mobility0.12-20-stable0.25	0.26136363636363635	46	125	176
mobility0.12-20-stable0.25	0.26136363636363635	46	125	176
corners	0.16666666666666666	3	13	18
