positional39,34,63,12,96	NaN	0	0	0
positional39,22,52,12,93-20-positional54,21,73,8,90	NaN	0	0	0
positional39,34,63,12,96	0.8125	13	3	16
positional39,34,63,12,96	0.6481481481481481	35	18	54
positional39,22,52,12,93	0.64	64	33	100
positional39,22,52,12,93-20-positional37,15,78,2,89	0.62	31	18	50
positional39,34,63,12,96	0.6136363636363636	162	93	264
positional39,34,63,12,96	0.6136363636363636	162	93	264
positional39,34,63,12,96	0.6136363636363636	162	93	264
positional39,34,63,12,96-20-positional37,15,78,2,89	0.6111111111111112	33	20	54
positional39,34,63,12,96-20-positional37,15,78,2,89	0.60546875	155	98	256
positional39,22,52,12,93	0.5929203539823009	134	89	226
positional39,22,52,12,93	0.5929203539823009	134	89	226
positional39,22,52,12,93	0.5929203539823009	134	89	226
positional39,22,52,12,93	0.5929203539823009	134	89	226
corners-20-positional37,15,78,2,89	0.5925925925925926	32	21	54
greedy-17-positional54,21,73,8,90	0.59	59	37	100
positional45,25,59,7,87	0.5888888888888889	53	30	90
positional45,25,59,7,87	0.5888888888888889	53	30	90
positional45,25,59,7,87	0.5888888888888889	53	30	90
positional39,34,63,12,96	0.5882352941176471	100	64	170
positional39,34,63,12,96-0-positional54,21,73,8,90	0.5857142857142857	41	27	70
corners-19-positional37,15,74,5,80	0.5827338129496403	162	109	278
corners-20-positional37,15,78,2,89	0.5808823529411765	79	52	136
corners-20-positional37,15,78,2,89	0.5808823529411765	79	52	136
positional45,25,59,7,87	0.5714285714285714	48	33	84
mobility0.12-20-positional46,24,66,4,84	0.5555555555555556	10	8	18
positional39,34,63,12,96	0.5416666666666666	39	33	72
positional39,34,63,12,96	0.5294117647058824	90	76	170
positional39,34,63,12,96	0.5194174757281553	107	94	206
positional39,34,63,12,96	0.5194174757281553	107	94	206
positional39,34,63,12,96	0.5194174757281553	107	94	206
positional38,27,55,3,87-20-positional37,15,78,2,89	0.5147058823529411	35	30	68
positional38,27,55,3,87-20-positional37,15,78,2,89	0.5147058823529411	35	30	68
positional39,34,63,12,96	0.5	9	9	18
positional39,34,63,12,96	0.5	35	31	70
positional39,34,63,12,96-20-positional40,15,61,14,85	0.5	18	17	36
greedy-19-positional37,15,74,5,80	0.5	9	9	18
positional39,34,63,12,96-12-positional37,15,78,2,89	0.48148148148148145	26	26	54
positional45,25,59,7,87	0.375	6	8	16
mobility0.00	0.37142857142857144	26	42	70
mobility0.00	0.3617021276595745	34	58	94
positional39,22,52,12,93-6-mobility0.61	0.3611111111111111	13	22	36
stable0.11	0.3125	5	11	16
positional31,20,55,2,97-12-corners	0.3055555555555556	11	24	36
stable0.11	0.28832116788321166	79	185	274
stable0.11	0.28832116788321166	79	185	274
positional39,34,63,12,96-6-mobility0.61	0.2882882882882883	64	149	222
positional39,34,63,12,96-6-mobility0.61	0.2882882882882883	64	149	222
corners	0.2702702702702703	60	159	222
positional39,34,63,12,96-12-greedy	0.24074074074074073	13	38	54
positional45,25,59,7,87-20-stable0.19	0.23863636363636365	21	66	88
positional39,34,63,12,96-16-stable0.19	0.2159090909090909	19	65	88
positional45,25,59,7,87-15-greedy	0.17647058823529413	12	54	68
positional45,25,59,7,87-15-greedy	0.17647058823529413	12	54	68
positional45,25,59,7,87-15-greedy	0.17647058823529413	12	54	68
corners	0.14150943396226415	15	87	106
greedy	0.1111111111111111	2	15	18
greedy	0.1111111111111111	2	15	18
mobility0.12	0.1111111111111111	2	16	18
