positional52,23,74,11,82-20-greedy	NaN	0	0	0
corners	NaN	0	0	0
positional52,23,74,11,82	0.7142857142857143	10	4	14
positional39,34,63,12,96	0.64	32	17	50
positional49,34,64,12,98-0-positional40,15,61,14,85	0.6363636363636364	42	21	66
positional52,23,74,11,82	0.631578947368421	48	26	76
positional52,23,74,11,82	0.631578947368421	48	26	76
positional52,23,74,11,82	0.631578947368421	48	26	76
positional39,34,63,12,96	0.6304347826086957	29	16	46
positional39,34,63,12,96-0-corners	0.625	20	12	32
positional52,23,74,11,82	0.6212121212121212	41	21	66
positional52,23,74,11,82	0.6212121212121212	41	21	66
positional52,23,74,11,82	0.6212121212121212	41	21	66
positional52,23,74,11,82	0.6212121212121212	41	21	66
positional52,23,74,11,82	0.6212121212121212	41	21	66
positional39,34,63,12,96-20-positional47,28,79,8,81	0.5972222222222222	43	27	72
mobility0.33-24-positional38,33,52,1,95	0.5877192982456141	67	45	114
mobility0.33-24-positional38,33,52,1,95	0.5877192982456141	67	45	114
mobility0.33-24-positional38,33,52,1,95	0.5877192982456141	67	45	114
positional39,34,63,12,96	0.5872093023255814	202	130	344
positional39,34,63,12,96	0.5872093023255814	202	130	344
positional49,34,64,12,98-19-positional59,19,64,13,92	0.5833333333333334	28	18	48
positional49,34,64,12,98	0.5740740740740741	31	22	54
positional52,23,74,11,82	0.5333333333333333	16	14	30
positional39,34,63,12,96	0.5319148936170213	50	41	94
positional39,34,63,12,96-20-positional47,28,79,8,81	0.5303030303030303	35	27	66
positional52,23,74,11,82-0-positional54,21,73,8,90	0.52	26	22	50
positional39,34,63,12,96	0.5148514851485149	104	91	202
positional39,34,63,12,96	0.5148514851485149	104	91	202
positional39,34,63,12,96	0.5148514851485149	104	91	202
positional39,34,63,12,96	0.5148514851485149	104	91	202
positional39,34,63,12,96	0.5148514851485149	104	91	202
positional49,34,64,12,98	0.5125	41	36	80
positional39,34,63,12,96	0.5108695652173914	47	43	92
positional39,34,63,12,96	0.5108695652173914	47	43	92
positional39,34,63,12,96	0.5071428571428571	71	63	140
positional49,34,64,12,98	0.5	24	21	48
positional49,34,64,12,98-0-positional46,20,62,4,90	0.5	16	16	32
positional49,34,64,12,98	0.5	34	31	68
positional39,34,63,12,96	0.46875	15	17	32
positional39,34,63,12,96-20-positional47,28,79,8,81	0.46296296296296297	25	26	54
positional52,23,74,11,82-0-greedy	0.45652173913043476	21	24	46
positional49,34,64,12,98	0.4393939393939394	29	35	66
positional49,34,64,12,98	0.4393939393939394	29	35	66
positional49,34,64,12,98	0.4393939393939394	29	35	66
positional39,34,63,12,96-20-positional40,15,61,14,85	0.43333333333333335	52	64	120
positional49,34,64,12,98	0.42424242424242425	28	35	66
positional39,34,63,12,96	0.4222222222222222	38	50	90
positional39,34,63,12,96	0.4222222222222222	38	50	90
positional39,34,63,12,96	0.4222222222222222	38	50	90
greedy	0.3125	10	22	32
positional49,34,64,12,98-15-greedy	0.16455696202531644	26	127	158
positional49,34,64,12,98-15-greedy	0.16455696202531644	26	127	158
positional49,34,64,12,98-15-greedy	0.16455696202531644	26	127	158
positional31,20,55,2,97-12-corners	0.16447368421052633	25	118	152
positional31,20,55,2,97-12-corners	0.16447368421052633	25	118	152
greedy	0.14457831325301204	24	139	166
greedy	0.14457831325301204	24	139	166
greedy	0.14457831325301204	24	139	166
greedy	0.14457831325301204	24	139	166
