positional52,21,57,13,99-20-mobility0.38	NaN	0	0	0
mobility0.33	NaN	0	0	0
positional52,23,74,11,82-13-positional48,20,59,13,95	NaN	0	0	0
positional52,23,74,11,82	0.6875	11	4	16
positional59,29,61,13,95-24-positional38,33,52,1,95	0.6764705882352942	23	9	34
positional52,21,57,13,99	0.6666666666666666	12	6	18
positional52,21,57,13,99	0.6666666666666666	12	6	18
positional52,21,57,13,99	0.6666666666666666	12	6	18
positional52,21,57,13,99	0.6666666666666666	12	6	18
positional52,23,74,11,82	0.59375	38	24	64
positional52,23,74,11,82	0.5875	47	31	80
mobility0.33-24-positional38,33,52,1,95	0.5794392523364486	124	82	214
mobility0.33-24-positional38,33,52,1,95	0.5794392523364486	124	82	214
mobility0.33-24-positional38,33,52,1,95	0.5794392523364486	124	82	214
positional52,23,74,11,82	0.575	23	15	40
positional52,23,74,11,82	0.5625	18	13	32
positional52,21,57,13,99	0.5454545454545454	60	42	110
positional52,21,57,13,99	0.5454545454545454	60	42	110
positional59,29,61,13,95	0.5333333333333333	16	14	30
positional52,23,74,11,82	0.524390243902439	43	37	82
positional52,23,74,11,82	0.5212765957446809	49	42	94
positional59,29,61,13,95	0.5196850393700787	132	106	254
positional59,29,61,13,95	0.5196850393700787	132	106	254
positional59,29,61,13,95	0.5196850393700787	132	106	254
positional59,29,61,13,95	0.5196850393700787	132	106	254
positional52,21,57,13,99	0.5181818181818182	114	99	220
positional52,21,57,13,99	0.5181818181818182	57	51	110
positional52,21,57,13,99	0.5151515151515151	34	31	66
positional59,29,61,13,95	0.5056179775280899	90	82	178
positional52,21,57,13,99-0-positional59,19,64,13,92	0.5	25	24	50
positional52,23,74,11,82	0.5	18	16	36
positional52,21,57,13,99	0.5	26	22	52
positional52,21,57,13,99-20-positional47,28,79,8,81	0.49038461538461536	51	46	104
positional59,29,61,13,95	0.48	24	24	50
positional52,21,57,13,99	0.47674418604651164	41	44	86
positional52,21,57,13,99	0.3888888888888889	7	11	18
mobility0.33	0.3541666666666667	17	30	48
positional52,21,57,13,99-15-stable0.25	0.34375	22	41	64
positional52,21,57,13,99-15-stable0.25	0.34375	22	41	64
positional52,21,57,13,99-15-stable0.25	0.34375	22	41	64
positional52,21,57,13,99	0.3333333333333333	6	12	18
positional52,23,74,11,82-12-corners	0.3115942028985507	43	89	138
positional52,23,74,11,82-12-corners	0.3115942028985507	43	89	138
positional52,23,74,11,82-12-corners	0.3115942028985507	43	89	138
positional52,23,74,11,82-12-corners	0.3115942028985507	43	89	138
positional52,23,74,11,82-12-corners	0.3115942028985507	43	89	138
positional52,23,74,11,82-20-greedy	0.28125	27	67	96
stable0.62-20-stable0.96	0.26811594202898553	37	93	138
stable0.62-20-stable0.96	0.26811594202898553	37	93	138
stable0.62-20-stable0.96	0.26811594202898553	37	93	138
stable0.62-20-stable0.96	0.26811594202898553	37	93	138
stable0.62-20-stable0.96	0.26811594202898553	37	93	138
stable0.62-20-stable0.96	0.26811594202898553	37	93	138
stable0.62-20-stable0.96	0.26811594202898553	37	93	138
stable0.01	0.21875	7	25	32
corners	0.2	36	142	180
corners	0.2	36	142	180
positional59,29,61,13,95-11-corners	0.18	9	40	50
positional59,29,61,13,95-11-corners	0.18	9	40	50
positional59,29,61,13,95-11-corners	0.18	9	40	50
