mobility0.59	NaN	0	0	0
positional57,33,52,0,94-11-positional53,20,67,1,90	NaN	0	0	0
positional52,21,57,13,99-9-positional37,24,76,10,99	0.8571428571428571	12	2	14
positional52,21,57,13,99	0.75	12	4	16
positional37,26,61,3,83-24-positional53,20,67,1,90	0.6764705882352942	23	10	34
positional52,21,57,13,99	0.65625	21	11	32
positional37,26,61,3,83	0.6470588235294118	22	10	34
positional57,33,52,0,94	0.6346153846153846	33	18	52
positional37,26,61,3,83	0.6323529411764706	43	22	68
positional52,21,57,13,99	0.6181818181818182	136	78	220
positional52,21,57,13,99	0.6181818181818182	136	78	220
positional52,21,57,13,99	0.6181818181818182	136	78	220
positional52,21,57,13,99	0.6181818181818182	136	78	220
positional37,26,61,3,83	0.6025641025641025	47	28	78
positional37,26,61,3,83	0.6025641025641025	47	28	78
positional37,26,61,3,83	0.6025641025641025	47	28	78
positional37,26,61,3,83	0.6	18	11	30
mobility0.33-24-positional53,20,67,1,90	0.5967741935483871	148	91	248
positional37,26,61,3,83	0.5967741935483871	37	21	62
positional37,26,61,3,83	0.5769230769230769	105	71	182
positional37,26,61,3,83	0.5769230769230769	105	71	182
positional52,21,57,13,99	0.5671641791044776	76	55	134
positional37,26,61,3,83	0.5625	9	6	16
positional52,21,57,13,99	0.5625	99	66	176
positional37,26,61,3,83	0.5625	18	13	32
positional37,26,61,3,83	0.5613207547169812	119	87	212
positional37,26,61,3,83	0.5613207547169812	119	87	212
positional37,26,61,3,83	0.55	55	40	100
positional37,26,61,3,83	0.5463917525773195	106	79	194
positional37,26,61,3,83	0.5463917525773195	106	79	194
corners-13-positional56,29,73,6,91	0.5454545454545454	24	19	44
corners-13-positional56,29,73,6,91	0.5454545454545454	24	19	44
corners-13-positional56,29,73,6,91	0.5454545454545454	24	19	44
positional57,33,52,0,94	0.5357142857142857	15	11	28
positional37,26,61,3,83	0.53125	17	15	32
positional37,26,61,3,83-13-positional53,20,67,1,90	0.5	8	8	16
positional52,21,57,13,99	0.48	24	23	50
positional37,26,61,3,83	0.4666666666666667	14	15	30
positional57,33,52,0,94-24-corners	0.35714285714285715	15	26	42
positional37,26,61,3,83-12-corners	0.35294117647058826	12	20	34
corners-19-corners	0.3333333333333333	6	12	18
corners-19-corners	0.3333333333333333	6	12	18
stable0.62	0.3125	5	9	16
positional37,26,61,3,83-12-corners	0.3115942028985507	43	89	138
positional52,21,57,13,99-20-mobility0.38	0.29411764705882354	10	23	34
positional52,21,57,13,99-15-stable0.25	0.28431372549019607	87	213	306
positional52,21,57,13,99-15-stable0.25	0.28431372549019607	87	213	306
positional52,21,57,13,99-15-stable0.25	0.28431372549019607	87	213	306
positional52,21,57,13,99-15-stable0.25	0.28431372549019607	87	213	306
positional52,21,57,13,99-15-stable0.25	0.28431372549019607	87	213	306
stable0.01	0.22077922077922077	34	113	154
stable0.01	0.22077922077922077	34	113	154
stable0.62-20-stable0.96	0.22	55	177	250
stable0.62-20-stable0.96	0.22	55	177	250
positional57,33,52,0,94-11-corners	0.17857142857142858	55	247	308
positional57,33,52,0,94-11-corners	0.17857142857142858	55	247	308
positional57,33,52,0,94-11-corners	0.17857142857142858	55	247	308
positional57,33,52,0,94-11-corners	0.17857142857142858	55	247	308
positional57,33,52,0,94-11-corners	0.17857142857142858	55	247	308
positional57,33,52,0,94-15-stable0.25	0.15625	5	27	32
