positional52,21,57,13,99	NaN	0	0	0
corners-14-positional44,21,69,4,88	NaN	0	0	0
positional36,25,60,10,94-12-mobility0.02	NaN	0	0	0
positional53,24,78,10,81	NaN	0	0	0
positional53,24,78,10,81	NaN	0	0	0
positional36,25,60,10,94-12-mobility0.02	NaN	0	0	0
positional53,24,78,10,81	NaN	0	0	0
positional36,25,60,10,94	0.6304347826086957	29	15	46
positional36,25,60,10,94	0.5657894736842105	43	30	76
positional52,21,57,13,99	0.5625	9	6	16
positional36,25,60,10,94-24-positional53,20,67,1,90	0.5625	9	7	16
positional52,21,57,13,99-0-positional37,24,76,10,99	0.5576923076923077	29	22	52
positional52,21,57,13,99	0.5571428571428572	78	60	140
positional52,21,57,13,99	0.5571428571428572	78	60	140
positional52,21,57,13,99	0.5571428571428572	78	60	140
positional52,21,57,13,99	0.5571428571428572	78	60	140
positional52,21,57,13,99	0.5571428571428572	78	60	140
positional36,25,60,10,94	0.5555555555555556	10	7	18
positional52,21,57,13,99-0-positional37,24,76,10,99	0.5555555555555556	20	15	36
positional36,25,60,10,94	0.5524193548387096	137	103	248
positional36,25,60,10,94	0.5524193548387096	137	103	248
positional52,21,57,13,99-13-positional53,20,67,1,90	0.55	66	51	120
corners-13-positional56,29,73,6,91	0.5445544554455446	110	87	202
corners-13-positional56,29,73,6,91	0.5445544554455446	110	87	202
positional52,21,57,13,99	0.5416666666666666	52	41	96
positional52,21,57,13,99	0.5344827586206896	62	50	116
positional52,21,57,13,99	0.5344827586206896	62	50	116
corners-19-positional56,29,73,6,91	0.5294117647058824	36	31	68
positional52,21,57,13,99	0.52	26	23	50
positional52,21,57,13,99	0.5147058823529411	35	29	68
positional36,25,60,10,94-0-corners	0.5087719298245614	58	55	114
positional36,25,60,10,94	0.5	67	61	134
positional52,21,57,13,99	0.5	24	24	48
positional36,25,60,10,94	0.4782608695652174	22	19	46
positional36,25,60,10,94	0.4782608695652174	22	19	46
positional36,25,60,10,94	0.4722222222222222	17	19	36
positional52,21,57,13,99	0.4444444444444444	8	9	18
positional36,25,60,10,94	0.4375	7	8	16
positional36,25,60,10,94	0.4375	7	8	16
positional36,25,60,10,94	0.4375	7	8	16
positional36,25,60,10,94-0-positional56,29,73,6,91	0.4230769230769231	22	28	52
positional52,21,57,13,99-24-positional36,17,50,6,91	0.3888888888888889	7	11	18
mobility0.59	0.28431372549019607	29	72	102
mobility0.59	0.28431372549019607	29	72	102
mobility0.59	0.28431372549019607	29	72	102
positional57,33,52,0,94-24-corners	0.2702702702702703	20	51	74
mobility0.59	0.22058823529411764	15	51	68
mobility0.60-18-corners	0.21929824561403508	25	86	114
mobility0.60-18-corners	0.21929824561403508	25	86	114
mobility0.60-18-corners	0.21929824561403508	25	86	114
mobility0.60-18-corners	0.21929824561403508	25	86	114
mobility0.60-18-corners	0.21929824561403508	25	86	114
mobility0.60-18-corners	0.21929824561403508	25	86	114
corners-19-corners	0.18571428571428572	13	57	70
corners-19-corners	0.18571428571428572	13	57	70
positional52,21,57,13,99-9-corners	0.16	8	41	50
positional52,21,57,13,99-9-corners	0.16	8	41	50
positional36,25,60,10,94-15-stable0.45	0.15625	5	27	32
positional36,25,60,10,94-21-greedy	0.0625	1	15	16
positional36,25,60,10,94-21-greedy	0.0625	1	15	16
