positional39,19,66,5,98	NaN	0	0	0
positional39,19,66,5,98	NaN	0	0	0
positional39,19,66,5,98	NaN	0	0	0
positional31,27,54,6,89	NaN	0	0	0
positional39,19,66,5,98	NaN	0	0	0
positional31,27,54,6,89-18-corners	NaN	0	0	0
positional31,27,54,6,89-18-corners	NaN	0	0	0
positional31,27,54,6,89-18-corners	NaN	0	0	0
positional31,27,54,6,89	NaN	0	0	0
positional39,19,66,5,98	0.7083333333333334	34	13	48
positional39,19,66,5,98	0.5833333333333334	21	15	36
positional39,19,66,5,98	0.5625	9	7	16
positional31,27,54,6,89	0.5625	9	6	16
positional39,19,66,5,98	0.5588235294117647	19	15	34
positional31,27,54,6,89-0-positional41,22,70,7,96	0.5588235294117647	19	14	34
positional39,19,66,5,98	0.5576923076923077	29	21	52
positional39,19,66,5,98	0.5576923076923077	29	21	52
positional39,19,66,5,98-13-positional41,22,70,7,96	0.5555555555555556	30	23	54
positional31,27,54,6,89	0.5509259259259259	119	90	216
positional31,27,54,6,89	0.5509259259259259	119	90	216
positional31,27,54,6,89	0.5509259259259259	119	90	216
positional31,27,54,6,89	0.5461538461538461	71	56	130
positional39,19,66,5,98	0.545045045045045	121	95	222
positional39,19,66,5,98	0.545045045045045	121	95	222
corners-14-positional44,21,69,4,88	0.5416666666666666	65	51	120
corners-14-positional44,21,69,4,88	0.5416666666666666	65	51	120
corners-14-positional44,21,69,4,88	0.5416666666666666	65	51	120
corners-14-positional44,21,69,4,88	0.5416666666666666	65	51	120
positional31,27,54,6,89-0-positional44,21,69,4,88	0.53125	34	25	64
positional39,19,66,5,98	0.5294117647058824	18	14	34
positional59,29,78,9,98-0-mobility0.02	0.5294117647058824	36	28	68
corners-19-positional41,22,70,7,96	0.5288461538461539	55	48	104
positional39,19,66,5,98	0.5277777777777778	19	17	36
positional31,27,54,6,89	0.5238095238095238	44	38	84
positional31,27,54,6,89-18-positional49,15,79,6,92	0.5	8	7	16
positional31,27,54,6,89	0.5	26	23	52
positional39,19,66,5,98-19-positional42,18,66,8,83	0.5	8	8	16
positional31,27,54,6,89-0-positional41,22,70,7,96	0.5	70	66	140
positional31,27,54,6,89-18-positional49,15,79,6,92	0.5	8	7	16
positional31,27,54,6,89	0.4722222222222222	17	18	36
positional39,19,66,5,98-0-stable0.45	0.47058823529411764	16	16	34
positional39,19,66,5,98-24-positional36,17,50,6,91	0.4659090909090909	41	42	88
positional59,29,78,9,98	0.46296296296296297	25	26	54
positional59,29,78,9,98	0.46296296296296297	25	26	54
positional59,29,78,9,98	0.46296296296296297	25	26	54
positional31,27,54,6,89	0.4444444444444444	8	10	18
positional31,27,54,6,89	0.4166666666666667	15	20	36
positional31,27,54,6,89-21-greedy	0.30303030303030304	20	46	66
positional39,19,66,5,98-18-corners	0.2571428571428571	18	51	70
positional31,27,54,6,89-12-mobility0.02	0.23333333333333334	21	69	90
positional31,27,54,6,89-12-mobility0.02	0.23333333333333334	21	69	90
positional39,19,66,5,98-9-corners	0.22727272727272727	15	49	66
positional31,27,54,6,89-21-greedy	0.21782178217821782	44	155	202
positional31,27,54,6,89-21-greedy	0.21782178217821782	44	155	202
positional31,27,54,6,89-21-greedy	0.21782178217821782	44	155	202
mobility0.60-18-corners	0.20081967213114754	49	189	244
mobility0.60-18-corners	0.20081967213114754	49	189	244
mobility0.60-18-corners	0.20081967213114754	49	189	244
positional31,27,54,6,89-15-stable0.45	0.1865671641791045	25	104	134
corners	0.16666666666666666	9	44	54
