positional45,24,72,2,84	NaN	0	0	0
mobility0.13	NaN	0	0	0
positional45,24,72,2,84-22-positional32,26,55,0,86	NaN	0	0	0
positional38,23,63,5,92	NaN	0	0	0
positional45,24,72,2,84	NaN	0	0	0
positional31,27,54,6,89	NaN	0	0	0
positional45,24,72,2,84-22-positional32,26,55,0,86	NaN	0	0	0
positional45,24,72,2,84-22-positional32,26,55,0,86	NaN	0	0	0
positional45,24,72,2,84	NaN	0	0	0
positional45,24,72,2,84	0.8333333333333334	15	3	18
positional31,27,54,6,89	0.6666666666666666	32	14	48
positional45,24,72,2,84	0.625	10	6	16
positional31,27,54,6,89	0.5833333333333334	28	19	48
positional31,27,54,6,89	0.5833333333333334	28	19	48
positional45,24,72,2,84	0.5773195876288659	112	77	194
positional45,24,72,2,84	0.5773195876288659	112	77	194
positional45,24,72,2,84	0.5773195876288659	112	77	194
positional45,24,72,2,84	0.5773195876288659	112	77	194
positional45,24,72,2,84-24-positional56,23,70,6,83	0.5666666666666667	17	13	30
corners-14-positional44,21,69,4,88	0.5661764705882353	77	55	136
positional45,24,72,2,84	0.5641025641025641	44	31	78
positional31,27,54,6,89	0.5625	72	50	128
positional31,27,54,6,89	0.5625	72	50	128
positional31,27,54,6,89	0.5625	72	50	128
positional45,24,72,2,84-19-positional42,18,66,8,83	0.56	56	42	100
positional45,24,72,2,84-19-positional42,18,66,8,83	0.56	56	42	100
positional45,24,72,2,84	0.5588235294117647	19	13	34
positional45,24,72,2,84	0.55	44	33	80
positional45,24,72,2,84-0-positional41,22,70,7,96	0.5416666666666666	26	22	48
positional31,27,54,6,89	0.5416666666666666	78	63	144
positional45,24,72,2,84	0.5245098039215687	107	91	204
positional45,24,72,2,84	0.5245098039215687	107	91	204
positional45,24,72,2,84	0.5245098039215687	107	91	204
positional59,29,78,9,98	0.5074626865671642	68	58	134
positional59,29,78,9,98	0.5074626865671642	68	58	134
positional31,27,54,6,89	0.5	33	30	66
positional45,24,72,2,84	0.5	7	6	14
positional45,24,72,2,84	0.48	24	26	50
positional31,27,54,6,89	0.4583333333333333	22	25	48
positional31,27,54,6,89-19-positional42,18,66,8,83	0.4375	7	8	16
positional31,27,54,6,89	0.43548387096774194	27	31	62
positional31,27,54,6,89-18-positional39,18,60,2,96	0.34375	11	20	32
positional31,27,54,6,89-18-positional39,18,60,2,96	0.34375	11	20	32
positional59,29,78,9,98-18-corners	0.328125	21	38	64
positional45,24,72,2,84-13-stable0.40	0.25	36	97	144
positional45,24,72,2,84-13-stable0.40	0.25	36	97	144
positional45,24,72,2,84-13-stable0.40	0.25	36	97	144
positional45,24,72,2,84-13-stable0.40	0.25	36	97	144
corners	0.24675324675324675	38	112	154
corners	0.22857142857142856	16	52	70
positional45,24,72,2,84-18-stable0.92	0.20967741935483872	13	47	62
positional45,24,72,2,84-18-stable0.92	0.20967741935483872	13	47	62
positional45,24,72,2,84-18-stable0.92	0.20967741935483872	13	47	62
positional31,27,54,6,89-18-corners	0.20192307692307693	42	158	208
positional31,27,54,6,89-18-corners	0.20192307692307693	42	158	208
positional31,27,54,6,89-18-corners	0.20192307692307693	42	158	208
positional31,27,54,6,89-18-corners	0.20192307692307693	42	158	208
positional31,27,54,6,89-18-corners	0.20192307692307693	42	158	208
positional31,27,54,6,89-18-corners	0.20192307692307693	42	158	208
corners	0.17857142857142858	20	87	112
