positional58,29,57,9,80	NaN	0	0	0
greedy-7-stable0.01	NaN	0	0	0
positional48,27,79,8,99	0.7142857142857143	10	3	14
positional58,29,57,9,80	0.7142857142857143	10	4	14
positional48,27,79,8,99	0.7142857142857143	10	3	14
positional45,22,56,0,80-0-positional58,23,72,2,93	0.6333333333333333	19	9	30
positional45,22,56,0,80	0.625	10	6	16
positional34,16,51,9,87	0.625	20	9	32
positional41,32,56,14,80	0.625	20	12	32
positional41,32,56,14,80	0.625	20	12	32
positional37,33,78,7,80	0.6142857142857143	86	50	140
positional45,22,56,0,80	0.6111111111111112	66	36	108
positional45,22,56,0,80	0.6111111111111112	66	36	108
positional34,21,74,12,81	0.6065573770491803	74	47	122
positional34,21,74,12,81	0.6065573770491803	74	47	122
positional34,21,74,12,81	0.6065573770491803	74	47	122
positional34,21,74,12,81	0.6065573770491803	74	47	122
positional34,21,74,12,81	0.6065573770491803	74	47	122
positional34,21,74,12,81	0.6065573770491803	74	47	122
positional34,21,74,12,81	0.6065573770491803	74	47	122
positional45,22,56,0,80	0.591304347826087	136	87	230
positional45,22,56,0,80	0.591304347826087	136	87	230
positional34,21,74,12,81	0.5833333333333334	35	24	60
positional45,22,56,0,80-16-positional58,23,72,2,93	0.5806451612903226	36	23	62
positional39,25,61,11,99	0.5769230769230769	75	52	130
positional39,25,61,11,99	0.5769230769230769	75	52	130
positional39,25,61,11,99	0.5769230769230769	75	52	130
positional58,29,57,9,80	0.5714285714285714	56	37	98
positional37,33,78,7,80	0.5666666666666667	17	12	30
positional48,27,79,8,99-7-positional58,23,72,2,93	0.5625	99	70	176
positional48,27,79,8,99-7-positional58,23,72,2,93	0.5625	99	70	176
positional58,29,57,9,80	0.5625	27	17	48
positional48,27,79,8,99-7-positional58,23,72,2,93	0.5625	99	70	176
positional47,18,60,7,92	0.5434782608695652	25	20	46
positional34,21,74,12,81	0.5357142857142857	15	13	28
positional41,32,56,14,80	0.5333333333333333	32	25	60
positional46,22,59,5,86	0.5	36	33	72
positional58,29,57,9,80	0.5	8	7	16
positional48,27,79,8,99	0.4807692307692308	25	25	52
positional58,29,57,9,80	0.4666666666666667	28	27	60
positional34,21,74,12,81	0.45454545454545453	20	23	44
stable0.88	0.42857142857142855	6	7	14
positional58,29,57,9,80-18-stable0.41	0.36666666666666664	11	18	30
stable0.88	0.34523809523809523	29	54	84
mobility0.58	0.328125	21	41	64
mobility0.15	0.32014388489208634	89	180	278
mobility0.15	0.32014388489208634	89	180	278
mobility0.15	0.32014388489208634	89	180	278
mobility0.15	0.32014388489208634	89	180	278
mobility0.15	0.32014388489208634	89	180	278
mobility0.15	0.32014388489208634	89	180	278
positional45,24,54,2,86-13-corners	0.3163265306122449	31	66	98
mobility0.79	0.3037037037037037	82	178	270
mobility0.79	0.3037037037037037	82	178	270
mobility0.79	0.3037037037037037	82	178	270
mobility0.79	0.3037037037037037	82	178	270
mobility0.58-9-mobility0.82	0.2692307692307692	35	92	130
positional45,22,56,0,80-16-corners	0.25	36	104	144
positional34,21,74,12,81-13-corners	0.21739130434782608	10	35	46
stable0.88	0.19230769230769232	15	60	78
