positional50,24,69,0,99	NaN	0	0	0
positional50,24,69,0,99	NaN	0	0	0
positional50,24,69,0,99	NaN	0	0	0
positional50,24,69,0,99	NaN	0	0	0
stable0.48	NaN	0	0	0
positional50,24,69,0,99-5-positional37,18,78,2,96	NaN	0	0	0
positional50,24,69,0,99	0.7222222222222222	13	4	18
positional50,24,69,0,99-0-positional41,22,70,7,96	0.6857142857142857	48	19	70
positional50,24,69,0,99	0.6323529411764706	43	23	68
positional50,24,69,0,99	0.62	31	18	50
positional38,23,63,5,92	0.6176470588235294	42	25	68
positional50,24,69,0,99	0.6153846153846154	32	17	52
positional38,23,63,5,92	0.6111111111111112	11	6	18
positional50,24,69,0,99	0.6111111111111112	44	26	72
positional38,23,63,5,92	0.6111111111111112	11	6	18
positional50,24,69,0,99	0.6086956521739131	28	17	46
positional31,27,54,6,89	0.6065573770491803	74	41	122
positional50,24,69,0,99	0.5975609756097561	49	31	82
positional50,24,69,0,99	0.5975609756097561	49	31	82
positional50,24,69,0,99	0.5925925925925926	32	20	54
positional31,27,54,6,89	0.5914634146341463	97	60	164
positional50,24,69,0,99	0.5875	47	32	80
positional50,24,69,0,99	0.5875	47	32	80
positional50,24,69,0,99	0.5875	47	32	80
positional31,27,54,6,89-18-positional39,18,60,2,96	0.5492957746478874	78	58	142
positional31,27,54,6,89-18-positional39,18,60,2,96	0.5492957746478874	78	58	142
positional50,24,69,0,99-0-stable0.40	0.5428571428571428	38	26	70
positional50,24,69,0,99	0.5333333333333333	16	14	30
positional31,27,54,6,89-0-positional56,23,70,6,83	0.5217391304347826	24	22	46
positional50,24,69,0,99-24-positional56,23,70,6,83	0.51	51	47	100
positional50,24,69,0,99-24-positional56,23,70,6,83	0.51	51	47	100
positional50,24,69,0,99	0.4880952380952381	41	40	84
positional50,24,69,0,99	0.4444444444444444	8	9	18
mobility0.13	0.38095238095238093	32	52	84
mobility0.13	0.38095238095238093	32	52	84
positional50,24,69,0,99-14-mobility0.07	0.3541666666666667	17	30	48
mobility0.11	0.34523809523809523	29	52	84
positional50,24,69,0,99-22-mobility0.74	0.3157894736842105	36	75	114
positional50,24,69,0,99-22-mobility0.74	0.3157894736842105	36	75	114
positional50,24,69,0,99-22-mobility0.74	0.3157894736842105	36	75	114
positional50,24,69,0,99-22-mobility0.74	0.3157894736842105	36	75	114
positional50,24,69,0,99-22-mobility0.74	0.3157894736842105	36	75	114
positional50,24,69,0,99-22-mobility0.74	0.3157894736842105	36	75	114
mobility0.13	0.3	30	69	100
positional50,24,69,0,99-15-greedy	0.2721518987341772	43	112	158
positional50,24,69,0,99-15-greedy	0.2721518987341772	43	112	158
positional50,24,69,0,99-15-greedy	0.2721518987341772	43	112	158
positional50,24,69,0,99-15-greedy	0.2721518987341772	43	112	158
positional50,24,69,0,99-13-stable0.40	0.25943396226415094	55	142	212
corners	0.24509803921568626	50	151	204
corners	0.24509803921568626	50	151	204
positional31,24,69,7,88-9-corners	0.23333333333333334	28	89	120
positional31,24,69,7,88-9-corners	0.23333333333333334	28	89	120
positional31,24,69,7,88-9-corners	0.23333333333333334	28	89	120
positional50,24,69,0,99-18-stable0.92	0.23043478260869565	53	171	230
positional50,24,69,0,99-18-stable0.92	0.23043478260869565	53	171	230
positional50,24,69,0,99-18-stable0.92	0.23043478260869565	53	171	230
positional50,24,69,0,99-18-stable0.92	0.23043478260869565	53	171	230
corners	0.2222222222222222	8	27	36
positional50,24,69,0,99-20-mobility0.20	0.16666666666666666	2	10	12
