mobility0.91	NaN	0	0	0
positional52,15,70,10,93-22-stable0.23	NaN	0	0	0
positional31,24,69,7,88	NaN	0	0	0
positional52,15,70,10,93-14-stable0.36	NaN	0	0	0
positional52,15,70,10,93	NaN	0	0	0
positional57,34,68,8,85	0.64	64	35	100
positional57,34,68,8,85	0.64	64	35	100
positional52,15,70,10,93	0.625	10	5	16
positional52,15,70,10,93	0.6233766233766234	96	51	154
positional52,15,70,10,93	0.6190476190476191	104	61	168
positional52,15,70,10,93	0.6111111111111112	11	7	18
positional52,15,70,10,93-0-positional37,34,68,1,96	0.6111111111111112	22	12	36
positional52,15,70,10,93-17-positional55,34,75,13,85	0.5986842105263158	91	52	152
positional52,15,70,10,93-17-positional55,34,75,13,85	0.5986842105263158	91	52	152
positional52,15,70,10,93-17-positional55,34,75,13,85	0.5986842105263158	91	52	152
positional52,15,70,10,93	0.5952380952380952	25	15	42
positional52,15,70,10,93	0.5882352941176471	20	11	34
positional57,34,68,8,85	0.5857142857142857	41	27	70
positional57,34,68,8,85	0.5857142857142857	41	27	70
positional57,34,68,8,85	0.5857142857142857	41	27	70
positional52,15,70,10,93	0.5833333333333334	42	26	72
positional52,15,70,10,93	0.578125	37	23	64
positional31,24,69,7,88	0.5704225352112676	81	58	142
positional52,15,70,10,93	0.5689655172413793	66	42	116
positional52,15,70,10,93	0.5689655172413793	66	42	116
positional52,15,70,10,93	0.5689655172413793	66	42	116
positional52,15,70,10,93	0.5641025641025641	44	31	78
positional52,15,70,10,93	0.5277777777777778	38	32	72
positional52,15,70,10,93	0.5185185185185185	28	24	54
positional52,15,70,10,93-0-stable0.40	0.5	51	44	102
positional52,15,70,10,93	0.5	42	39	84
positional52,15,70,10,93	0.5	42	39	84
positional57,34,68,8,85	0.5	35	34	70
positional52,15,70,10,93	0.4696969696969697	31	33	66
greedy-17-mobility0.07	0.42857142857142855	6	7	14
greedy-17-mobility0.07	0.42857142857142855	6	7	14
positional52,15,70,10,93	0.38	19	24	50
stable0.48	0.375	12	19	32
positional52,15,70,10,93-20-mobility0.20	0.3717948717948718	29	47	78
positional52,15,70,10,93-20-mobility0.20	0.3717948717948718	29	47	78
positional52,15,70,10,93-14-mobility0.07	0.2976190476190476	25	57	84
mobility0.11	0.29411764705882354	40	93	136
stable0.48	0.2818181818181818	31	77	110
stable0.48	0.2818181818181818	31	77	110
positional52,15,70,10,93-22-mobility0.74	0.27697841726618705	77	192	278
positional52,15,70,10,93-22-mobility0.74	0.27697841726618705	77	192	278
positional52,15,70,10,93-22-mobility0.74	0.27697841726618705	77	192	278
positional52,15,70,10,93-15-greedy	0.27205882352941174	74	192	272
positional52,15,70,10,93-15-greedy	0.27205882352941174	74	192	272
positional52,15,70,10,93-17-corners	0.25	16	45	64
positional52,15,70,10,93-22-mobility0.74	0.2361111111111111	17	52	72
mobility0.11	0.23076923076923078	12	39	52
positional31,24,69,7,88-9-corners	0.21610169491525424	51	177	236
positional31,24,69,7,88-9-corners	0.21610169491525424	51	177	236
positional31,24,69,7,88-9-corners	0.21610169491525424	51	177	236
positional52,15,70,10,93-21-stable0.59	0.2	10	38	50
positional52,15,70,10,93-21-stable0.59	0.2	10	38	50
positional52,15,70,10,93-21-stable0.59	0.2	10	38	50
positional52,15,70,10,93-21-stable0.59	0.2	10	38	50
positional52,15,70,10,93-11-stable0.57	0.19444444444444445	7	27	36
