positional38,18,57,7,89	NaN	0	0	0
positional38,18,57,7,89	NaN	0	0	0
positional38,18,57,7,89	NaN	0	0	0
positional38,18,57,7,89	NaN	0	0	0
positional38,18,57,7,89	NaN	0	0	0
corners	NaN	0	0	0
positional33,32,67,12,88	NaN	0	0	0
positional38,18,57,7,89	0.7857142857142857	11	3	14
positional38,18,57,7,89	0.7777777777777778	14	4	18
positional38,18,57,7,89	0.6818181818181818	30	13	44
greedy-17-positional55,34,75,13,85	0.6346153846153846	33	17	52
positional38,18,57,7,89	0.625	10	5	16
positional38,18,57,7,89	0.6142857142857143	43	24	70
positional38,18,57,7,89	0.6111111111111112	22	12	36
positional38,18,57,7,89	0.5853658536585366	96	63	164
positional38,18,57,7,89	0.5853658536585366	96	63	164
positional38,18,57,7,89	0.5853658536585366	96	63	164
positional38,18,57,7,89	0.5833333333333334	133	81	228
positional38,18,57,7,89	0.5833333333333334	133	81	228
positional38,18,57,7,89	0.5833333333333334	133	81	228
positional38,18,57,7,89	0.5833333333333334	133	81	228
positional38,18,57,7,89-17-positional55,34,75,13,85	0.5791139240506329	183	120	316
positional38,18,57,7,89-17-positional55,34,75,13,85	0.5791139240506329	183	120	316
positional38,18,57,7,89-17-positional55,34,75,13,85	0.5791139240506329	183	120	316
positional38,18,57,7,89	0.5729166666666666	55	36	96
positional57,34,68,8,85	0.5522388059701493	148	111	268
positional57,34,68,8,85	0.5522388059701493	148	111	268
positional57,34,68,8,85	0.5522388059701493	148	111	268
positional57,34,68,8,85	0.5522388059701493	148	111	268
positional38,18,57,7,89	0.5483870967741935	34	26	62
positional38,18,57,7,89	0.5483870967741935	34	26	62
positional38,18,57,7,89-17-positional55,34,75,13,85	0.5434782608695652	25	20	46
positional31,24,69,7,88	0.5425531914893617	51	41	94
positional38,18,57,7,89	0.5344827586206896	93	76	174
positional38,18,57,7,89	0.5344827586206896	93	76	174
positional38,18,57,7,89-0-positional37,34,68,1,96	0.5227272727272727	46	38	88
positional57,34,68,8,85	0.5	9	9	18
positional38,18,57,7,89-0-positional32,26,55,0,86	0.5	16	15	32
positional38,18,57,7,89-0-positional55,34,75,13,85	0.5	40	37	80
positional38,18,57,7,89	0.47058823529411764	16	17	34
positional38,18,57,7,89	0.4444444444444444	8	10	18
mobility0.78-9-corners	0.38235294117647056	13	20	34
greedy-17-mobility0.07	0.3625	29	48	80
greedy-17-mobility0.07	0.3625	29	48	80
positional38,18,57,7,89-22-stable0.83	0.3333333333333333	6	12	18
positional57,34,68,8,85-11-mobility0.37	0.2857142857142857	4	9	14
positional57,34,68,8,85-11-mobility0.37	0.2857142857142857	4	9	14
positional57,34,68,8,85-11-mobility0.37	0.2857142857142857	4	9	14
positional57,34,68,8,85-11-mobility0.37	0.2857142857142857	4	9	14
mobility0.91	0.28	28	69	100
positional38,18,57,7,89-17-corners	0.25	33	94	132
positional38,18,57,7,89-11-greedy	0.25	7	19	28
positional38,18,57,7,89-22-stable0.23	0.2303370786516854	41	133	178
positional38,18,57,7,89-22-stable0.23	0.2303370786516854	41	133	178
positional38,18,57,7,89-22-stable0.23	0.2303370786516854	41	133	178
positional38,18,57,7,89-11-stable0.57	0.22794117647058823	31	99	136
positional38,18,57,7,89-21-stable0.59	0.20625	33	122	160
positional38,18,57,7,89-21-stable0.59	0.20625	33	122	160
positional38,18,57,7,89-14-stable0.36	0.15306122448979592	15	79	98
positional31,24,69,7,88-6-corners	0.07142857142857142	1	13	14
