mobility0.64-22-greedy	NaN	0	0	0
positional38,18,57,7,89	0.7777777777777778	14	4	18
positional31,24,69,7,88	0.6617647058823529	45	21	68
positional38,18,57,7,89	0.6538461538461539	34	16	52
positional38,18,57,7,89	0.65	65	33	100
positional38,18,57,7,89	0.65	65	33	100
positional59,22,57,0,94-11-positional47,16,50,13,86	0.6388888888888888	23	13	36
positional38,18,57,7,89	0.6153846153846154	32	18	52
positional38,18,57,7,89	0.6153846153846154	32	18	52
positional38,18,57,7,89	0.6111111111111112	22	13	36
positional33,32,67,12,88	0.6	54	34	90
positional38,18,57,7,89	0.5909090909090909	52	33	88
positional38,18,57,7,89	0.5866666666666667	88	58	150
positional38,18,57,7,89	0.5866666666666667	88	58	150
greedy-17-positional52,33,59,4,87	0.5857142857142857	82	54	140
positional38,18,57,7,89	0.5817307692307693	121	75	208
positional38,18,57,7,89	0.5817307692307693	121	75	208
positional38,18,57,7,89	0.5817307692307693	121	75	208
positional38,18,57,7,89	0.5817307692307693	121	75	208
positional38,18,57,7,89	0.5817307692307693	121	75	208
positional38,18,57,7,89-17-positional52,33,59,4,87	0.5717821782178217	231	158	404
positional38,18,57,7,89	0.5714285714285714	48	31	84
positional38,18,57,7,89	0.5714285714285714	48	31	84
positional38,18,57,7,89	0.5700636942675159	179	117	314
positional38,18,57,7,89	0.5700636942675159	179	117	314
positional38,18,57,7,89	0.5663265306122449	111	80	196
positional38,18,57,7,89	0.5588235294117647	19	14	34
positional38,18,57,7,89	0.5588235294117647	19	14	34
positional38,18,57,7,89	0.5588235294117647	38	30	68
positional38,18,57,7,89	0.5514705882352942	75	58	136
positional38,18,57,7,89	0.5444444444444444	49	39	90
positional38,18,57,7,89	0.5441176470588235	111	81	204
positional38,18,57,7,89	0.5441176470588235	111	81	204
positional38,18,57,7,89	0.5441176470588235	111	81	204
positional38,18,57,7,89	0.5348837209302325	46	38	86
positional38,18,57,7,89-0-stable0.83	0.5192307692307693	27	21	52
positional38,18,57,7,89	0.5185185185185185	28	24	54
corners-17-positional52,33,59,4,87	0.5147058823529411	35	32	68
positional38,18,57,7,89	0.4714285714285714	33	36	70
positional38,18,57,7,89	0.4411764705882353	15	14	34
positional38,18,57,7,89-15-greedy	0.4027777777777778	29	43	72
positional38,18,57,7,89-15-greedy	0.4027777777777778	29	43	72
corners	0.3888888888888889	7	11	18
positional59,22,57,0,94-11-greedy	0.3333333333333333	24	44	72
positional59,22,57,0,94-11-mobility0.37	0.29	29	64	100
positional59,22,57,0,94-11-mobility0.37	0.29	29	64	100
positional59,22,57,0,94-11-mobility0.37	0.29	29	64	100
mobility0.78-9-corners	0.27419354838709675	34	87	124
stable0.33-11-stable0.27	0.25	9	27	36
corners	0.22033898305084745	26	86	118
corners	0.22033898305084745	26	86	118
corners	0.22033898305084745	26	86	118
positional38,18,57,7,89-11-corners	0.21428571428571427	18	64	84
positional38,18,57,7,89-22-stable0.83	0.21153846153846154	11	38	52
positional38,18,57,7,89-22-stable0.83	0.21153846153846154	11	38	52
corners	0.19117647058823528	13	54	68
corners	0.19117647058823528	13	54	68
positional38,18,57,7,89-11-greedy	0.165	33	159	200
positional38,18,57,7,89-11-greedy	0.165	33	159	200
positional31,24,69,7,88-6-corners	0.14285714285714285	12	70	84
