positional33,32,67,12,88-22-stable0.06	NaN	0	0	0
positional33,32,67,12,88-22-stable0.06	NaN	0	0	0
stable0.92-9-corners	NaN	0	0	0
positional33,32,67,12,88-22-stable0.06	NaN	0	0	0
positional59,22,57,0,94	0.75	9	2	12
positional44,29,50,2,90	0.6666666666666666	8	4	12
positional33,16,77,12,92	0.65625	21	11	32
positional44,29,50,2,90	0.6153846153846154	32	19	52
stable0.33-17-positional49,30,60,11,95	0.6	30	16	50
positional33,32,67,12,88-0-positional49,30,60,11,95	0.5882352941176471	20	14	34
positional44,29,50,2,90	0.5873015873015873	74	49	126
positional44,29,50,2,90	0.5808080808080808	115	77	198
positional44,29,50,2,90	0.5652173913043478	260	176	460
positional44,29,50,2,90	0.5652173913043478	260	176	460
greedy-17-positional49,30,60,11,95	0.5631067961165048	116	84	206
positional44,29,50,2,90	0.5625	9	7	16
positional44,29,50,2,90	0.56	28	20	50
positional33,16,77,12,92	0.5384615384615384	28	23	52
positional44,29,50,2,90	0.5333333333333333	16	13	30
corners-9-positional49,30,60,11,95	0.5277777777777778	19	17	36
positional44,29,50,2,90	0.5217391304347826	24	19	46
positional59,22,57,0,94	0.5212765957446809	49	44	94
positional44,29,50,2,90	0.5208333333333334	25	22	48
positional44,29,50,2,90	0.5186915887850467	111	100	214
positional44,29,50,2,90	0.5186915887850467	111	100	214
positional44,29,50,2,90	0.5186915887850467	111	100	214
positional44,29,50,2,90	0.5186915887850467	111	100	214
positional44,29,50,2,90	0.5186915887850467	111	100	214
positional44,29,50,2,90	0.5186915887850467	111	100	214
corners-17-positional49,30,60,11,95	0.5163934426229508	63	55	122
positional44,29,50,2,90	0.4852941176470588	66	63	136
positional44,29,50,2,90	0.4791666666666667	23	22	48
positional44,29,50,2,90	0.4666666666666667	28	31	60
positional44,29,50,2,90	0.4444444444444444	8	10	18
positional44,29,50,2,90	0.43478260869565216	20	26	46
positional44,29,50,2,90-0-positional47,16,50,13,86	0.3888888888888889	7	10	18
corners	0.3484848484848485	23	42	66
positional33,16,77,12,92-22-greedy	0.32608695652173914	15	31	46
stable0.33-11-stable0.27	0.26	13	37	50
mobility0.64-22-greedy	0.25609756097560976	42	118	164
mobility0.64-22-greedy	0.25609756097560976	42	118	164
mobility0.64-22-greedy	0.25609756097560976	42	118	164
mobility0.64-22-greedy	0.25609756097560976	42	118	164
positional44,29,50,2,90-15-greedy	0.2548076923076923	53	149	208
positional44,29,50,2,90-15-greedy	0.2548076923076923	53	149	208
positional44,29,50,2,90-15-greedy	0.2548076923076923	53	149	208
positional44,29,50,2,90-11-mobility0.66	0.23333333333333334	14	43	60
positional44,29,50,2,90-11-mobility0.66	0.23333333333333334	14	43	60
positional44,29,50,2,90-11-mobility0.66	0.23333333333333334	14	43	60
positional44,29,50,2,90-11-mobility0.66	0.23333333333333334	14	43	60
positional44,29,50,2,90-11-mobility0.66	0.23333333333333334	14	43	60
corners	0.225	36	118	160
corners	0.225	36	118	160
positional33,16,77,12,92-6-mobility0.91	0.16666666666666666	5	25	30
mobility0.11-15-stable0.01	0.16666666666666666	3	13	18
mobility0.11-15-stable0.01	0.16666666666666666	3	13	18
positional33,16,77,12,92-6-mobility0.91	0.16666666666666666	5	25	30
mobility0.11-15-stable0.01	0.16666666666666666	3	13	18
positional33,16,77,12,92-6-mobility0.91	0.16666666666666666	5	25	30
mobility0.11-15-stable0.01	0.16666666666666666	3	13	18
