corners	NaN	0	0	0
positional41,34,52,5,88	NaN	0	0	0
positional41,34,52,5,88-17-positional33,23,60,4,93	0.6875	11	4	16
corners	0.6666666666666666	12	6	18
positional48,26,66,8,92	0.6547619047619048	55	28	84
positional48,26,66,8,92	0.6333333333333333	19	9	30
mobility0.11-24-positional55,33,54,12,80	0.6304347826086957	29	17	46
positional48,26,66,8,92	0.625	30	15	48
positional33,32,67,12,88-0-positional55,33,54,12,80	0.6228070175438597	71	42	114
positional48,26,66,8,92-17-positional55,33,54,12,80	0.6097560975609756	50	28	82
positional33,32,67,12,88	0.5833333333333334	21	15	36
stable0.33-17-positional55,33,54,12,80	0.5714285714285714	8	5	14
corners-9-positional55,33,54,12,80	0.5714285714285714	88	61	154
corners-9-positional55,33,54,12,80	0.5714285714285714	88	61	154
stable0.33-17-positional55,33,54,12,80	0.5714285714285714	8	5	14
corners-9-positional55,33,54,12,80	0.5714285714285714	88	61	154
positional48,26,66,8,92	0.5705128205128205	89	63	156
positional48,26,66,8,92	0.5705128205128205	89	63	156
positional48,26,66,8,92	0.5705128205128205	89	63	156
positional48,26,66,8,92	0.5705128205128205	89	63	156
positional48,26,66,8,92	0.5705128205128205	89	63	156
positional48,26,66,8,92	0.5705128205128205	89	63	156
positional48,26,66,8,92	0.5654761904761905	95	65	168
positional48,26,66,8,92	0.5654761904761905	95	65	168
positional33,32,67,12,88	0.5588235294117647	19	15	34
positional41,34,52,5,88	0.5588235294117647	38	25	68
positional59,22,57,0,94	0.5555555555555556	10	8	18
positional48,26,66,8,92-0-positional55,33,54,12,80	0.5428571428571428	38	30	70
positional48,26,66,8,92	0.53125	51	43	96
positional41,34,52,5,88	0.525	42	37	80
positional59,22,57,0,94	0.5172413793103449	30	26	58
positional48,26,66,8,92	0.5	46	45	92
positional59,22,57,0,94	0.4423076923076923	23	29	52
mobility0.57-18-greedy	0.4411764705882353	15	18	34
mobility0.57-18-greedy	0.4411764705882353	15	18	34
stable0.06	0.4375	14	18	32
stable0.06	0.4375	14	18	32
positional48,26,66,8,92-19-greedy	0.35294117647058826	12	18	34
positional48,26,66,8,92-8-corners	0.3055555555555556	11	24	36
positional48,26,66,8,92-22-stable0.06	0.3055555555555556	11	23	36
positional48,26,66,8,92-11-mobility0.66	0.2907801418439716	82	186	282
positional48,26,66,8,92-11-mobility0.66	0.2907801418439716	82	186	282
positional48,26,66,8,92-11-mobility0.66	0.2907801418439716	82	186	282
positional48,26,66,8,92-11-mobility0.66	0.2907801418439716	82	186	282
positional48,26,66,8,92-11-mobility0.66	0.2907801418439716	82	186	282
stable0.92-9-corners	0.2875	23	52	80
stable0.92-9-corners	0.2875	23	52	80
positional33,32,67,12,88-22-stable0.06	0.2733333333333333	41	106	150
positional33,32,67,12,88-22-stable0.06	0.2733333333333333	41	106	150
positional33,32,67,12,88-22-stable0.06	0.2733333333333333	41	106	150
corners	0.2608695652173913	12	34	46
positional41,34,52,5,88-6-mobility0.91	0.2465753424657534	36	107	146
mobility0.11-15-stable0.01	0.24390243902439024	40	120	164
mobility0.11-15-stable0.01	0.24390243902439024	40	120	164
mobility0.11-15-stable0.01	0.24390243902439024	40	120	164
mobility0.11-15-stable0.01	0.24390243902439024	40	120	164
mobility0.11-15-stable0.01	0.24390243902439024	40	120	164
stable0.92	0.24	12	36	50
positional48,26,66,8,92-17-stable0.96	0.19117647058823528	13	53	68
stable0.33	0.17647058823529413	6	25	34
