stable0.06	NaN	0	0	0
positional52,30,58,5,91	NaN	0	0	0
positional52,30,58,5,91-22-positional47,33,62,12,82	NaN	0	0	0
mobility0.11-6-stable0.29	NaN	0	0	0
mobility0.11-6-stable0.29	NaN	0	0	0
stable0.33-9-greedy	NaN	0	0	0
stable0.06	NaN	0	0	0
mobility0.11-6-stable0.29	NaN	0	0	0
mobility0.11-24-positional55,33,54,12,80	NaN	0	0	0
positional52,30,58,5,91	0.75	24	6	32
positional46,25,74,13,85	0.7222222222222222	26	10	36
positional52,30,58,5,91	0.6451612903225806	40	22	62
positional46,25,74,13,85	0.627906976744186	54	32	86
positional46,25,74,13,85	0.6111111111111112	11	7	18
positional33,32,67,12,88	0.6071428571428571	51	30	84
positional52,30,58,5,91	0.5769230769230769	30	19	52
positional33,32,67,12,88	0.5769230769230769	30	21	52
positional57,20,78,8,80-17-positional38,25,75,14,80	0.5735294117647058	39	27	68
positional57,20,78,8,80-17-positional38,25,75,14,80	0.5735294117647058	39	27	68
positional57,20,78,8,80-17-positional38,25,75,14,80	0.5735294117647058	39	27	68
positional52,30,58,5,91	0.56	28	22	50
positional52,30,58,5,91	0.56	28	19	50
positional46,25,74,13,85-17-positional55,33,54,12,80	0.5581395348837209	48	35	86
mobility0.57-17-positional47,16,50,13,86	0.5377358490566038	57	44	106
positional52,30,58,5,91-11-mobility0.02	0.53125	17	15	32
positional52,30,58,5,91-11-mobility0.02	0.53125	17	15	32
positional52,30,58,5,91	0.5256410256410257	41	35	78
positional52,30,58,5,91	0.5	26	25	52
positional46,25,74,13,85	0.4444444444444444	8	9	18
positional52,30,58,5,91	0.4375	7	9	16
mobility0.57-18-greedy	0.3958333333333333	38	53	96
mobility0.57-18-greedy	0.3958333333333333	38	53	96
stable0.17	0.3888888888888889	35	51	90
stable0.17	0.3888888888888889	35	51	90
stable0.17	0.3888888888888889	35	51	90
stable0.17	0.3888888888888889	35	51	90
stable0.17	0.3888888888888889	35	51	90
stable0.17	0.3888888888888889	35	51	90
stable0.06	0.358695652173913	33	58	92
mobility0.11	0.35294117647058826	12	22	34
corners	0.35	42	74	120
corners	0.35	42	74	120
corners	0.35	42	74	120
stable0.06	0.26	13	37	50
positional52,30,58,5,91-8-corners	0.2549019607843137	26	75	102
positional52,30,58,5,91-19-greedy	0.2540983606557377	31	86	122
positional52,30,58,5,91-19-greedy	0.2540983606557377	31	86	122
positional35,17,78,13,99-24-stable0.85	0.24242424242424243	16	47	66
positional52,30,58,5,91-7-stable0.64	0.23529411764705882	8	26	34
positional52,30,58,5,91-7-stable0.64	0.23529411764705882	8	26	34
positional52,30,58,5,91-7-stable0.64	0.23529411764705882	8	26	34
positional52,30,58,5,91-7-stable0.64	0.23529411764705882	8	26	34
positional52,30,58,5,91-7-stable0.64	0.23529411764705882	8	26	34
positional52,30,58,5,91-7-stable0.64	0.23529411764705882	8	26	34
corners	0.21428571428571427	18	63	84
corners	0.20491803278688525	25	91	122
corners	0.20491803278688525	25	91	122
positional52,30,58,5,91-17-stable0.96	0.1978021978021978	36	138	182
positional52,30,58,5,91-17-stable0.96	0.1978021978021978	36	138	182
stable0.83-17-stable0.80	0.1346153846153846	7	43	52
