positional52,30,58,5,91-10-stable0.52	NaN	0	0	0
positional52,30,58,5,91	0.7941176470588235	27	6	34
positional52,30,58,5,91	0.75	12	3	16
positional52,30,58,5,91	0.7142857142857143	10	3	14
positional52,30,58,5,91	0.65625	42	20	64
positional46,25,74,13,85	0.6547619047619048	55	28	84
positional46,25,74,13,85	0.6533333333333333	98	52	150
positional52,30,58,5,91	0.65	65	32	100
positional52,30,58,5,91	0.6176470588235294	21	12	34
positional52,30,58,5,91	0.6140350877192983	70	42	114
positional52,30,58,5,91	0.6140350877192983	70	42	114
positional52,30,58,5,91	0.6060606060606061	40	23	66
positional33,32,67,12,88	0.6	30	19	50
positional52,30,58,5,91	0.6	66	41	110
positional52,30,58,5,91	0.5882352941176471	20	14	34
positional46,25,74,13,85-0-positional47,33,62,12,82	0.5857142857142857	41	26	70
positional46,25,74,13,85-22-positional32,30,66,2,90	0.5846153846153846	76	49	130
positional46,25,74,13,85-22-positional32,30,66,2,90	0.5846153846153846	76	49	130
positional46,25,74,13,85-22-positional32,30,66,2,90	0.5846153846153846	76	49	130
positional46,25,74,13,85-22-positional32,30,66,2,90	0.5846153846153846	76	49	130
positional46,25,74,13,85-22-positional32,30,66,2,90	0.5846153846153846	76	49	130
positional46,25,74,13,85-22-positional32,30,66,2,90	0.5846153846153846	76	49	130
positional57,20,78,8,80-17-positional38,25,75,14,80	0.58	58	40	100
positional52,30,58,5,91	0.5783132530120482	96	62	166
positional52,30,58,5,91	0.5783132530120482	96	62	166
positional52,30,58,5,91	0.5681818181818182	50	35	88
positional46,25,74,13,85	0.5625	45	31	80
positional52,30,58,5,91	0.5588235294117647	19	14	34
positional52,30,58,5,91	0.5423728813559322	64	50	118
mobility0.57-17-positional47,16,50,13,86	0.538961038961039	83	63	154
positional52,30,58,5,91-17-positional55,33,54,12,80	0.5294117647058824	18	13	34
positional52,30,58,5,91	0.5208333333333334	50	43	96
positional33,32,67,12,88-8-positional41,17,75,3,98	0.5	9	7	18
mobility0.57-17-positional38,25,75,14,80	0.4861111111111111	35	34	72
stable0.06-0-stable0.85	0.48484848484848486	32	32	66
positional52,30,58,5,91	0.45652173913043476	21	22	46
mobility0.75	0.3877551020408163	38	56	98
mobility0.75	0.3877551020408163	38	56	98
mobility0.75	0.3877551020408163	38	56	98
stable0.33	0.3787878787878788	25	40	66
positional52,30,58,5,91-11-mobility0.02	0.3764705882352941	64	102	170
positional52,30,58,5,91-11-mobility0.02	0.3764705882352941	64	102	170
positional52,30,58,5,91-11-mobility0.02	0.3764705882352941	64	102	170
stable0.17	0.3235294117647059	66	128	204
stable0.17	0.3235294117647059	66	128	204
stable0.33-9-stable0.29	0.3	9	20	30
stable0.33-9-greedy	0.2865853658536585	47	114	164
stable0.33-9-greedy	0.2865853658536585	47	114	164
stable0.33-9-greedy	0.2865853658536585	47	114	164
mobility0.11-6-stable0.29	0.2711864406779661	32	81	118
positional52,30,58,5,91-7-stable0.64	0.22857142857142856	48	157	210
positional52,30,58,5,91-7-stable0.64	0.22857142857142856	48	157	210
positional52,30,58,5,91-7-stable0.64	0.22857142857142856	48	157	210
positional52,30,58,5,91-7-stable0.64	0.22857142857142856	48	157	210
positional52,30,58,5,91-7-stable0.64	0.22857142857142856	48	157	210
positional35,17,78,13,99-24-stable0.85	0.22727272727272727	30	99	132
stable0.06	0.20588235294117646	7	25	34
stable0.17	0.1875	6	25	32
stable0.83-17-stable0.80	0.1346153846153846	7	43	52
stable0.83	0.1346153846153846	7	42	52
