positional39,23,67,7,92	NaN	0	0	0
positional55,28,53,9,87-17-mobility0.70	NaN	0	0	0
positional57,21,77,14,94-17-mobility0.08	NaN	0	0	0
positional57,21,77,14,94	NaN	0	0	0
positional39,23,67,7,92	NaN	0	0	0
positional57,21,77,14,94	NaN	0	0	0
positional57,21,77,14,94-13-positional40,16,73,0,80	NaN	0	0	0
positional39,23,67,7,92	0.8333333333333334	15	3	18
positional57,21,77,14,94	0.6515151515151515	43	22	66
positional57,21,77,14,94	0.5846153846153846	76	51	130
positional57,21,77,14,94	0.5694444444444444	41	29	72
positional57,21,77,14,94	0.5675675675675675	126	88	222
positional57,21,77,14,94	0.5675675675675675	126	88	222
positional57,21,77,14,94	0.5555555555555556	10	6	18
positional57,21,77,14,94	0.5512820512820513	129	96	234
positional39,23,67,7,92-0-positional47,33,62,12,82	0.5510204081632653	108	82	196
positional39,23,67,7,92-0-positional47,33,62,12,82	0.5510204081632653	108	82	196
positional57,21,77,14,94	0.5510204081632653	54	43	98
positional39,23,67,7,92-0-positional47,33,62,12,82	0.5510204081632653	108	82	196
positional39,23,67,7,92	0.5434782608695652	25	21	46
positional39,23,67,7,92-22-positional32,30,66,2,90	0.543046357615894	164	127	302
positional39,23,67,7,92-22-positional32,30,66,2,90	0.543046357615894	164	127	302
positional39,23,67,7,92-22-positional32,30,66,2,90	0.543046357615894	164	127	302
positional57,21,77,14,94	0.5338983050847458	63	50	118
positional57,21,77,14,94	0.5338983050847458	63	50	118
positional57,21,77,14,94	0.53125	17	14	32
positional57,21,77,14,94	0.5280373831775701	113	93	214
positional57,21,77,14,94	0.5280373831775701	113	93	214
positional57,21,77,14,94	0.5277777777777778	19	17	36
positional57,21,77,14,94	0.5234375	67	57	128
positional57,21,77,14,94	0.5234375	67	57	128
positional57,21,77,14,94	0.515625	33	31	64
positional39,23,67,7,92	0.5142857142857142	36	33	70
positional57,21,77,14,94	0.5049019607843137	103	93	204
positional57,21,77,14,94	0.5049019607843137	103	93	204
positional57,21,77,14,94	0.5049019607843137	103	93	204
positional57,21,77,14,94	0.5049019607843137	103	93	204
positional57,21,77,14,94	0.5049019607843137	103	93	204
positional57,21,77,14,94	0.5	17	17	34
positional57,21,77,14,94	0.5	17	17	34
positional39,23,67,7,92-0-positional41,17,75,3,98	0.484375	31	32	64
positional33,32,67,12,88-8-positional41,17,75,3,98	0.45604395604395603	83	93	182
positional33,32,67,12,88-8-positional41,17,75,3,98	0.45604395604395603	83	93	182
positional33,32,67,12,88-8-positional41,17,75,3,98	0.45604395604395603	83	93	182
positional57,21,77,14,94-0-positional41,17,75,3,98	0.453125	29	32	64
positional39,23,67,7,92	0.4482758620689655	52	59	116
positional39,23,67,7,92	0.4482758620689655	52	59	116
positional39,23,67,7,92	0.4482758620689655	52	59	116
positional57,21,77,14,94	0.4411764705882353	15	15	34
positional39,23,67,7,92-0-stable0.52	0.43333333333333335	13	15	30
positional39,23,67,7,92-17-greedy	0.3888888888888889	7	9	18
positional57,21,77,14,94	0.375	6	10	16
mobility0.75	0.3482142857142857	39	69	112
positional57,21,77,14,94-19-mobility0.24	0.23076923076923078	12	40	52
positional57,21,77,14,94-19-mobility0.24	0.23076923076923078	12	40	52
mobility0.24	0.2222222222222222	4	14	18
positional57,21,77,14,94-10-stable0.52	0.1746987951807229	29	133	166
positional57,21,77,14,94-10-stable0.52	0.1746987951807229	29	133	166
positional57,21,77,14,94-10-stable0.52	0.1746987951807229	29	133	166
mobility0.75	0.1346153846153846	7	44	52
