positional39,23,67,7,92-9-positional40,33,69,6,94	NaN	0	0	0
positional39,23,67,7,92-9-positional40,33,69,6,94	NaN	0	0	0
positional39,23,67,7,92-9-positional40,33,69,6,94	NaN	0	0	0
positional39,23,67,7,92	0.6666666666666666	12	6	18
positional57,21,77,14,94	0.6634615384615384	69	31	104
positional57,21,77,14,94	0.6538461538461539	34	17	52
positional57,21,77,14,94	0.6415094339622641	68	34	106
positional57,21,77,14,94	0.6388888888888888	23	13	36
positional57,21,77,14,94	0.625	45	26	72
positional57,21,77,14,94	0.625	50	28	80
positional57,21,77,14,94	0.625	45	26	72
positional57,21,77,14,94	0.6041666666666666	29	19	48
positional57,21,77,14,94	0.6041666666666666	29	19	48
positional57,21,77,14,94-13-positional40,16,73,0,80	0.6	42	27	70
positional57,21,77,14,94	0.5969387755102041	117	77	196
positional57,21,77,14,94	0.5969387755102041	117	77	196
positional57,21,77,14,94	0.5969387755102041	117	77	196
positional57,21,77,14,94-0-mobility0.24	0.5952380952380952	50	30	84
positional57,21,77,14,94	0.5882352941176471	60	41	102
positional57,21,77,14,94	0.5857142857142857	41	28	70
positional57,21,77,14,94	0.5754716981132075	61	42	106
positional57,21,77,14,94	0.565359477124183	173	122	306
positional39,23,67,7,92	0.5555555555555556	10	8	18
positional39,23,67,7,92-22-positional32,30,66,2,90	0.553475935828877	207	153	374
positional57,21,77,14,94	0.5454545454545454	48	36	88
positional39,23,67,7,92	0.5375939849624061	143	113	266
positional39,23,67,7,92	0.5375939849624061	143	113	266
positional39,23,67,7,92	0.5375939849624061	143	113	266
positional57,21,77,14,94	0.531496062992126	135	108	254
positional57,21,77,14,94	0.524390243902439	86	72	164
positional57,21,77,14,94	0.52	78	67	150
positional57,21,77,14,94	0.52	78	67	150
positional39,23,67,7,92	0.5147058823529411	35	30	68
positional57,21,77,14,94	0.5	36	35	72
positional57,21,77,14,94	0.46153846153846156	24	27	52
positional57,21,77,14,94	0.4444444444444444	8	10	18
positional57,21,77,14,94-22-mobility0.08	0.44	22	27	50
positional39,23,67,7,92-17-greedy	0.38461538461538464	20	29	52
positional57,21,77,14,94-17-mobility0.70	0.35294117647058826	12	22	34
mobility0.54	0.3333333333333333	6	11	18
positional57,21,77,14,94-17-mobility0.08	0.3157894736842105	48	102	152
mobility0.24	0.3055555555555556	22	46	72
positional55,28,53,9,87-17-mobility0.70	0.27941176470588236	38	90	136
positional55,28,53,9,87-17-mobility0.70	0.27941176470588236	38	90	136
positional55,28,53,9,87-17-mobility0.70	0.27941176470588236	38	90	136
mobility0.24	0.27049180327868855	33	85	122
mobility0.24	0.27049180327868855	33	85	122
mobility0.03	0.2524752475247525	51	144	202
mobility0.03	0.2524752475247525	51	144	202
mobility0.03	0.2524752475247525	51	144	202
mobility0.03	0.2524752475247525	51	144	202
positional39,23,67,7,92-16-corners	0.23333333333333334	7	22	30
positional39,23,67,7,92-16-corners	0.23333333333333334	7	22	30
mobility0.03-22-corners	0.2289156626506024	38	125	166
mobility0.03-22-corners	0.2289156626506024	38	125	166
mobility0.03-22-corners	0.2289156626506024	38	125	166
mobility0.03-22-corners	0.2289156626506024	38	125	166
positional57,21,77,14,94-22-greedy	0.22857142857142856	16	53	70
positional57,21,77,14,94-19-mobility0.24	0.21428571428571427	15	55	70
corners	0.19444444444444445	7	29	36
