positional58,29,57,9,80	NaN	0	0	0
positional30,21,63,12,96	NaN	0	0	0
positional30,21,63,12,96	NaN	0	0	0
positional41,30,63,1,81	NaN	0	0	0
positional37,33,78,7,80	0.8571428571428571	12	2	14
positional47,18,60,7,92	0.6428571428571429	9	5	14
positional30,21,63,12,96	0.6111111111111112	44	26	72
positional41,32,56,14,80	0.6086956521739131	56	35	92
positional41,32,56,14,80	0.6086956521739131	56	35	92
positional41,32,56,14,80	0.6086956521739131	56	35	92
positional37,33,78,7,80	0.5955882352941176	81	52	136
positional37,33,78,7,80	0.5955882352941176	81	52	136
positional37,33,78,7,80	0.5909090909090909	39	24	66
positional45,22,56,0,80	0.5787671232876712	169	116	292
positional45,22,56,0,80	0.5609756097560976	184	124	328
positional45,22,56,0,80	0.5609756097560976	184	124	328
positional45,22,56,0,80	0.5609756097560976	184	124	328
positional45,22,56,0,80	0.5609756097560976	184	124	328
positional45,22,56,0,80	0.5609756097560976	184	124	328
positional45,22,56,0,80	0.5609756097560976	184	124	328
positional58,29,57,9,80-0-positional55,33,79,9,94	0.56	28	21	50
positional37,33,78,7,80	0.5555555555555556	20	15	36
positional45,22,56,0,80	0.5483870967741935	34	28	62
positional45,22,56,0,80	0.5333333333333333	32	24	60
positional47,18,60,7,92	0.5263157894736842	40	35	76
positional48,27,79,8,99	0.5238095238095238	22	19	42
positional45,22,56,0,80	0.5166666666666667	62	54	120
positional45,22,56,0,80-0-positional58,23,72,2,93	0.5116279069767442	44	40	86
positional45,22,56,0,80-0-positional58,23,72,2,93	0.5116279069767442	44	40	86
positional48,27,79,8,99-0-positional54,24,65,5,94	0.5	7	6	14
positional30,21,63,12,96-15-positional55,33,79,9,94	0.5	22	22	44
positional48,27,79,8,99	0.4166666666666667	5	6	12
positional30,21,63,12,96-18-mobility0.09	0.38333333333333336	23	36	60
positional30,21,63,12,96-18-mobility0.09	0.38333333333333336	23	36	60
positional30,21,63,12,96	0.375	6	8	16
stable0.88	0.32608695652173914	15	29	46
corners-13-stable0.11	0.3064516129032258	38	82	124
corners-13-stable0.11	0.3064516129032258	38	82	124
corners-13-stable0.11	0.3064516129032258	38	82	124
corners-13-stable0.11	0.3064516129032258	38	82	124
corners-13-stable0.11	0.3064516129032258	38	82	124
corners-13-stable0.11	0.3064516129032258	38	82	124
corners-13-stable0.11	0.3064516129032258	38	82	124
corners-13-stable0.11	0.3064516129032258	38	82	124
corners-13-stable0.11	0.3064516129032258	38	82	124
stable0.26	0.296875	19	44	64
stable0.26	0.296875	19	44	64
stable0.26	0.296875	19	44	64
positional58,29,57,9,80-18-stable0.41	0.26666666666666666	16	43	60
greedy-7-stable0.01	0.2647058823529412	18	47	68
positional30,21,63,12,96-18-stable0.01	0.26	13	37	50
mobility0.15	0.25	8	24	32
greedy	0.21428571428571427	6	22	28
corners	0.203125	13	49	64
stable0.88	0.1896551724137931	11	45	58
corners	0.16666666666666666	5	23	30
corners	0.16666666666666666	5	23	30
corners	0.16666666666666666	5	23	30
corners	0.16666666666666666	5	23	30
positional30,21,63,12,96-21-corners	0.14285714285714285	2	12	14
