positional39,23,67,7,92	NaN	0	0	0
positional39,23,67,7,92	0.7142857142857143	20	8	28
positional41,19,69,11,99-0-mobility0.24	0.6666666666666666	8	4	12
positional41,19,69,11,99	0.6111111111111112	33	19	54
positional41,19,69,11,99-9-positional34,16,73,5,98	0.5921052631578947	45	30	76
positional41,19,69,11,99-9-positional34,16,73,5,98	0.5921052631578947	45	30	76
positional41,19,69,11,99-9-positional34,16,73,5,98	0.5921052631578947	45	30	76
positional41,19,69,11,99-9-positional34,16,73,5,98	0.5921052631578947	45	30	76
positional41,19,69,11,99	0.5882352941176471	20	13	34
positional41,19,69,11,99-0-positional40,33,69,6,94	0.578125	37	25	64
positional41,19,69,11,99	0.5769230769230769	240	169	416
positional41,19,69,11,99	0.5769230769230769	240	169	416
positional41,19,69,11,99	0.5769230769230769	240	169	416
positional41,19,69,11,99	0.5769230769230769	240	169	416
positional39,23,67,7,92-9-positional40,33,69,6,94	0.5679012345679012	92	62	162
positional39,23,67,7,92-9-positional40,33,69,6,94	0.5679012345679012	92	62	162
positional39,23,67,7,92-9-positional40,33,69,6,94	0.5679012345679012	92	62	162
positional39,23,67,7,92-9-positional40,33,69,6,94	0.5679012345679012	92	62	162
positional39,23,67,7,92-9-positional40,33,69,6,94	0.5679012345679012	92	62	162
positional41,19,69,11,99	0.5494505494505495	100	76	182
positional41,19,69,11,99	0.5494505494505495	100	76	182
positional41,19,69,11,99	0.5490196078431373	56	45	102
positional39,23,67,7,92	0.5465116279069767	47	37	86
positional41,19,69,11,99	0.543859649122807	62	50	114
positional39,23,67,7,92	0.54	27	21	50
positional41,19,69,11,99	0.532258064516129	33	27	62
positional41,19,69,11,99-9-positional40,33,69,6,94	0.5294117647058824	18	16	34
positional41,19,69,11,99	0.52	26	20	50
positional41,19,69,11,99	0.5161290322580645	32	27	62
positional41,19,69,11,99	0.5147058823529411	35	29	68
positional41,19,69,11,99	0.5131578947368421	39	32	76
positional41,19,69,11,99	0.51	51	45	100
positional41,19,69,11,99	0.5	15	15	30
positional41,19,69,11,99	0.5	15	15	30
positional41,19,69,11,99	0.5	15	15	30
positional41,19,69,11,99	0.5	15	15	30
positional41,19,69,11,99	0.4864864864864865	36	35	74
positional41,19,69,11,99	0.4864864864864865	36	35	74
positional41,19,69,11,99	0.47058823529411764	32	35	68
positional39,23,67,7,92	0.46875	30	32	64
positional41,19,69,11,99	0.4583333333333333	22	24	48
positional41,19,69,11,99	0.4411764705882353	15	18	34
positional34,30,59,1,97	0.4166666666666667	35	45	84
positional34,30,59,1,97	0.4166666666666667	35	45	84
corners	0.2714285714285714	19	50	70
mobility0.54	0.2692307692307692	14	37	52
mobility0.03	0.25	55	158	220
mobility0.54	0.24242424242424243	16	48	66
positional41,19,69,11,99-23-corners	0.2361111111111111	17	53	72
positional41,19,69,11,99-23-corners	0.2361111111111111	17	53	72
positional41,19,69,11,99-23-corners	0.2361111111111111	17	53	72
positional41,19,69,11,99-23-corners	0.2361111111111111	17	53	72
positional41,19,69,11,99-23-corners	0.2361111111111111	17	53	72
positional41,19,69,11,99-23-corners	0.2361111111111111	17	53	72
mobility0.03-22-corners	0.23076923076923078	42	137	182
positional41,19,69,11,99-18-corners	0.2222222222222222	4	13	18
positional39,23,67,7,92-16-corners	0.19306930693069307	39	159	202
positional39,23,67,7,92-16-corners	0.19306930693069307	39	159	202
positional39,23,67,7,92-16-corners	0.19306930693069307	39	159	202
positional39,23,67,7,92-22-corners	0.10869565217391304	5	41	46
