positional42,28,63,10,82	NaN	0	0	0
positional42,28,63,10,82	NaN	0	0	0
positional42,28,63,10,82	NaN	0	0	0
positional42,28,63,10,82	NaN	0	0	0
positional33,31,58,7,82-0-positional34,16,73,5,98	0.65	52	27	80
positional42,28,63,10,82	0.625	10	5	16
positional42,28,63,10,82	0.625	10	5	16
positional42,28,63,10,82	0.625	20	9	32
positional33,31,58,7,82	0.5806451612903226	36	25	62
positional33,31,58,7,82	0.5806451612903226	36	25	62
positional42,28,63,10,82	0.5757575757575758	38	27	66
positional42,28,63,10,82	0.5634920634920635	71	52	126
positional42,28,63,10,82	0.5416666666666666	26	20	48
positional42,28,63,10,82	0.5384615384615384	98	77	182
positional42,28,63,10,82	0.52	78	69	150
positional42,28,63,10,82	0.52	78	69	150
positional42,28,63,10,82	0.52	78	69	150
positional42,28,63,10,82	0.52	78	69	150
positional42,28,63,10,82-9-positional52,23,71,14,83	0.5153846153846153	67	59	130
positional42,28,63,10,82-9-positional52,23,71,14,83	0.5153846153846153	67	59	130
positional42,28,63,10,82-9-positional52,23,71,14,83	0.5153846153846153	67	59	130
positional42,28,63,10,82-9-positional52,23,71,14,83	0.5153846153846153	67	59	130
positional42,28,63,10,82-9-positional52,23,71,14,83	0.5153846153846153	67	59	130
positional42,28,63,10,82-9-positional52,23,71,14,83	0.5153846153846153	67	59	130
positional42,28,63,10,82-9-positional52,23,71,14,83	0.5153846153846153	67	59	130
positional42,28,63,10,82	0.5116279069767442	44	41	86
positional34,30,59,1,97	0.5078740157480315	129	117	254
positional34,30,59,1,97	0.5078740157480315	129	117	254
positional33,31,58,7,82	0.5	9	9	18
positional33,31,58,7,82	0.5	9	9	18
positional42,28,63,10,82	0.5	8	8	16
positional42,28,63,10,82-0-positional40,33,69,6,94	0.5	103	95	206
positional42,28,63,10,82	0.5	25	25	50
positional42,28,63,10,82-0-positional40,33,69,6,94	0.5	103	95	206
positional42,28,63,10,82-0-positional34,16,73,5,98	0.5	27	22	54
positional33,31,58,7,82	0.4878048780487805	40	41	82
positional33,31,58,7,82	0.4875	39	40	80
positional33,31,58,7,82	0.47058823529411764	16	15	34
positional42,28,63,10,82	0.4696969696969697	31	33	66
positional42,28,63,10,82	0.4659090909090909	82	86	176
positional42,28,63,10,82	0.4659090909090909	82	86	176
positional42,28,63,10,82	0.4642857142857143	13	14	28
positional42,28,63,10,82	0.44565217391304346	41	45	92
positional42,28,63,10,82-0-mobility0.24	0.4375	21	26	48
positional42,28,63,10,82	0.40625	13	18	32
positional42,28,63,10,82-5-greedy	0.23333333333333334	14	44	60
positional42,28,63,10,82-5-greedy	0.23333333333333334	14	44	60
positional42,28,63,10,82-5-greedy	0.23333333333333334	14	44	60
positional42,28,63,10,82-5-greedy	0.23333333333333334	14	44	60
positional42,28,63,10,82-5-greedy	0.23333333333333334	14	44	60
positional42,28,63,10,82-5-greedy	0.23333333333333334	14	44	60
positional42,28,63,10,82-5-greedy	0.23333333333333334	14	44	60
positional42,28,63,10,82-23-corners	0.23275862068965517	27	87	116
positional42,28,63,10,82-23-corners	0.23275862068965517	27	87	116
positional42,28,63,10,82-18-corners	0.23148148148148148	25	80	108
positional33,31,58,7,82-15-mobility0.98	0.2222222222222222	4	14	18
positional36,25,61,0,82-24-corners	0.20588235294117646	7	27	34
greedy	0.1935483870967742	12	49	62
positional34,30,59,1,97-23-corners	0.17857142857142858	15	69	84
stable0.16	0.16666666666666666	3	13	18
