stable0.11	NaN	0	0	0
corners	NaN	0	0	0
positional38,31,55,14,86	NaN	0	0	0
positional53,18,77,2,85	0.6923076923076923	36	15	52
positional53,18,77,2,85	0.6923076923076923	36	15	52
positional53,18,77,2,85	0.6923076923076923	36	15	52
positional53,18,77,2,85-15-positional34,16,73,5,98	0.6521739130434783	30	15	46
positional38,31,55,14,86	0.6388888888888888	23	13	36
greedy-9-positional34,16,73,5,98	0.625	30	16	48
positional38,31,55,14,86	0.625	20	12	32
positional38,31,55,14,86-0-positional54,31,55,5,97	0.6029411764705882	41	27	68
positional38,31,55,14,86	0.59375	38	25	64
positional53,18,77,2,85-0-positional54,31,55,5,97	0.5625	27	19	48
positional53,18,77,2,85	0.5625	36	26	64
positional38,31,55,14,86	0.5603448275862069	65	47	116
positional38,31,55,14,86-0-positional52,23,71,14,83	0.5555555555555556	10	8	18
positional38,31,55,14,86-9-positional52,23,71,14,83	0.5521472392638037	180	137	326
positional38,31,55,14,86-9-positional52,23,71,14,83	0.5521472392638037	180	137	326
positional38,31,55,14,86-9-positional52,23,71,14,83	0.5521472392638037	180	137	326
positional38,31,55,14,86-9-positional52,23,71,14,83	0.5521472392638037	180	137	326
positional38,31,55,14,86-5-positional54,31,55,5,97	0.5490196078431373	56	42	102
positional38,31,55,14,86	0.5471698113207547	58	46	106
positional38,31,55,14,86	0.5471698113207547	58	46	106
positional38,31,55,14,86	0.5461538461538461	71	56	130
positional38,31,55,14,86	0.5461538461538461	71	56	130
positional38,31,55,14,86	0.5461538461538461	71	56	130
positional53,18,77,2,85	0.5416666666666666	26	21	48
positional53,18,77,2,85	0.5416666666666666	26	21	48
positional53,18,77,2,85	0.5416666666666666	26	21	48
positional53,18,77,2,85	0.5416666666666666	26	21	48
positional53,18,77,2,85	0.5416666666666666	26	21	48
positional38,31,55,14,86	0.5089285714285714	57	49	112
positional53,18,77,2,85	0.5	8	8	16
positional53,18,77,2,85	0.5	8	8	16
positional38,31,55,14,86-0-positional34,16,73,5,98	0.5	18	17	36
positional38,31,55,14,86	0.48717948717948717	38	40	78
positional38,31,55,14,86	0.4791666666666667	23	25	48
positional38,31,55,14,86	0.4375	21	24	48
positional53,18,77,2,85	0.42	21	28	50
positional38,31,55,14,86-24-corners	0.35294117647058826	24	42	68
greedy	0.3235294117647059	11	23	34
greedy	0.3235294117647059	11	23	34
greedy	0.3235294117647059	11	23	34
greedy	0.3235294117647059	11	23	34
stable0.84-7-mobility0.96	0.2647058823529412	9	24	34
positional53,18,77,2,85-15-mobility0.98	0.2608695652173913	12	34	46
positional53,18,77,2,85-15-corners	0.25925925925925924	14	40	54
stable0.16	0.2536231884057971	35	99	138
stable0.16	0.2536231884057971	35	99	138
positional38,31,55,14,86-5-greedy	0.24825174825174826	71	207	286
positional38,31,55,14,86-5-greedy	0.24825174825174826	71	207	286
positional38,31,55,14,86-5-greedy	0.24825174825174826	71	207	286
positional38,31,55,14,86-5-greedy	0.24825174825174826	71	207	286
positional38,31,55,14,86-5-greedy	0.24825174825174826	71	207	286
positional38,31,55,14,86-5-greedy	0.24825174825174826	71	207	286
positional38,31,55,14,86-5-greedy	0.24825174825174826	71	207	286
greedy	0.22727272727272727	25	83	110
positional36,25,61,0,82-24-corners	0.21428571428571427	18	64	84
corners-11-greedy	0.1774193548387097	11	49	62
stable0.16	0.1282051282051282	10	66	78
