positional53,29,55,11,91	NaN	0	0	0
positional53,29,55,11,91-13-stable0.64	NaN	0	0	0
positional49,19,69,3,87	NaN	0	0	0
mobility0.19-15-mobility0.80	NaN	0	0	0
positional49,19,69,3,87	0.7083333333333334	34	13	48
positional53,29,55,11,91	0.696969696969697	46	18	66
positional53,29,55,11,91	0.6935483870967742	43	19	62
positional53,29,55,11,91	0.625	20	12	32
positional49,19,69,3,87-0-positional54,31,55,5,97	0.625	10	6	16
positional53,29,55,11,91-0-positional54,31,55,5,97	0.6216216216216216	92	54	148
positional53,29,55,11,91-0-positional54,31,55,5,97	0.6216216216216216	92	54	148
positional53,29,55,11,91-0-positional54,31,55,5,97	0.6216216216216216	92	54	148
positional53,29,55,11,91	0.6194029850746269	83	47	134
positional53,29,55,11,91	0.6194029850746269	83	47	134
positional49,19,69,3,87	0.6176470588235294	21	13	34
positional53,29,55,11,91	0.609375	39	24	64
positional49,19,69,3,87	0.59375	38	24	64
positional53,29,55,11,91	0.5909090909090909	39	27	66
positional53,29,55,11,91	0.5855263157894737	178	119	304
positional53,29,55,11,91	0.5855263157894737	178	119	304
positional53,29,55,11,91	0.5855263157894737	178	119	304
positional49,19,69,3,87-15-positional34,16,73,5,98	0.5754716981132075	61	42	106
positional49,19,69,3,87-15-positional34,16,73,5,98	0.5754716981132075	61	42	106
positional53,29,55,11,91	0.5625	27	18	48
positional49,19,69,3,87	0.5625	18	13	32
positional49,19,69,3,87	0.5625	18	13	32
positional49,19,69,3,87-21-mobility0.61	0.5	16	16	32
positional53,20,59,10,84-12-mobility0.02	0.4807692307692308	25	27	52
positional53,29,55,11,91-0-positional54,31,55,5,97	0.475	38	39	80
stable0.11	0.34210526315789475	39	71	114
stable0.11	0.34210526315789475	39	71	114
positional53,29,55,11,91-7-mobility0.58	0.3333333333333333	6	12	18
stable0.11-0-positional34,16,73,5,98	0.32142857142857145	9	19	28
positional53,29,55,11,91-11-greedy	0.32	16	33	50
positional49,19,69,3,87-15-corners	0.31756756756756754	47	95	148
positional49,19,69,3,87-15-corners	0.31756756756756754	47	95	148
positional49,19,69,3,87-15-corners	0.31756756756756754	47	95	148
stable0.84-7-mobility0.96	0.3160919540229885	55	114	174
stable0.84-7-mobility0.96	0.3160919540229885	55	114	174
stable0.84-7-mobility0.96	0.3160919540229885	55	114	174
positional49,19,69,3,87-14-corners	0.2932330827067669	78	186	266
positional49,19,69,3,87-14-corners	0.2932330827067669	78	186	266
positional49,19,69,3,87-14-corners	0.2932330827067669	78	186	266
positional49,19,69,3,87-14-corners	0.2932330827067669	78	186	266
positional49,19,69,3,87-14-corners	0.2932330827067669	78	186	266
positional49,19,69,3,87-14-corners	0.2932330827067669	78	186	266
positional49,19,69,3,87-14-corners	0.2932330827067669	78	186	266
positional49,19,69,3,87-14-corners	0.2932330827067669	78	186	266
positional49,19,69,3,87-14-corners	0.2932330827067669	78	186	266
stable0.84	0.28125	9	22	32
greedy	0.28	14	36	50
greedy	0.27816901408450706	79	199	284
greedy	0.27816901408450706	79	199	284
greedy	0.27816901408450706	79	199	284
greedy	0.27816901408450706	79	199	284
corners	0.2608695652173913	12	30	46
corners-11-greedy	0.23148148148148148	25	78	108
positional49,19,69,3,87-15-stable0.45	0.18518518518518517	10	42	54
stable0.91	0.0625	1	15	16
stable0.91	0.0625	1	15	16
