positional43,31,55,4,96-16-positional48,22,54,10,95	NaN	0	0	0
positional43,31,55,4,96-0-positional34,16,73,5,98	NaN	0	0	0
positional49,19,69,3,87	0.7291666666666666	35	12	48
positional49,19,69,3,87	0.71875	23	9	32
positional49,19,69,3,87	0.717391304347826	33	13	46
positional49,19,69,3,87-0-positional34,16,73,5,98	0.68	34	14	50
positional43,31,55,4,96	0.6666666666666666	12	4	18
positional43,31,55,4,96	0.6397058823529411	87	44	136
positional43,31,55,4,96	0.6397058823529411	87	44	136
positional43,31,55,4,96	0.6397058823529411	87	44	136
positional49,19,69,3,87	0.6263157894736842	119	62	190
positional49,19,69,3,87	0.6263157894736842	119	62	190
positional49,19,69,3,87	0.6263157894736842	119	62	190
positional43,31,55,4,96	0.6190476190476191	52	30	84
positional43,31,55,4,96	0.6041666666666666	58	31	96
positional49,19,69,3,87	0.6	30	18	50
positional49,19,69,3,87	0.6	42	25	70
positional49,19,69,3,87-15-positional34,16,73,5,98	0.5747126436781609	100	70	174
positional43,31,55,4,96	0.5609756097560976	46	33	82
positional43,31,55,4,96	0.5588235294117647	38	27	68
positional43,31,55,4,96	0.5555555555555556	40	30	72
positional49,19,69,3,87	0.5142857142857142	36	30	70
positional43,31,55,4,96	0.5	8	6	16
positional43,31,55,4,96	0.5	17	16	34
positional49,19,69,3,87-15-stable0.45	0.4722222222222222	17	17	36
positional49,19,69,3,87	0.4714285714285714	33	34	70
mobility0.19	0.45454545454545453	30	36	66
positional38,17,71,13,94-14-greedy	0.4	20	29	50
mobility0.07	0.3902439024390244	32	47	82
mobility0.07	0.3902439024390244	32	47	82
mobility0.07	0.3902439024390244	32	47	82
mobility0.07	0.3902439024390244	32	47	82
mobility0.07	0.3902439024390244	32	47	82
mobility0.07	0.3902439024390244	32	47	82
positional49,19,69,3,87-21-mobility0.61	0.3877551020408163	76	114	196
positional49,19,69,3,87-21-mobility0.61	0.3877551020408163	76	114	196
positional49,19,69,3,87-21-mobility0.61	0.3877551020408163	76	114	196
positional53,20,59,10,84-12-mobility0.02	0.38666666666666666	58	92	150
positional53,20,59,10,84-12-mobility0.02	0.38666666666666666	58	92	150
positional43,31,55,4,96-7-mobility0.58	0.3629032258064516	45	77	124
positional49,19,69,3,87-15-corners	0.3484848484848485	23	41	66
positional49,19,69,3,87-15-corners	0.3484848484848485	23	41	66
positional49,19,69,3,87-15-corners	0.3484848484848485	23	41	66
positional49,19,69,3,87-15-corners	0.3484848484848485	23	41	66
positional49,19,69,3,87-7-mobility0.58	0.34375	33	59	96
positional43,31,55,4,96-13-stable0.64	0.2982456140350877	34	71	114
positional49,19,69,3,87-14-corners	0.2911392405063291	92	222	316
positional53,20,59,10,84-13-stable0.64	0.2792207792207792	43	109	154
stable0.91	0.2714285714285714	19	51	70
mobility0.19-21-stable0.22	0.25	4	12	16
mobility0.19-21-stable0.22	0.25	4	12	16
greedy	0.22807017543859648	26	87	114
greedy	0.22807017543859648	26	87	114
positional49,19,69,3,87-15-stable0.45	0.22093023255813954	19	63	86
stable0.91	0.1893939393939394	25	104	132
stable0.91	0.1893939393939394	25	104	132
stable0.91	0.1893939393939394	25	104	132
mobility0.61	0.17857142857142858	5	22	28
mobility0.61	0.17857142857142858	5	22	28
mobility0.61	0.17857142857142858	5	22	28
