positional59,26,53,13,88-6-corners	NaN	0	0	0
positional44,27,64,3,97	NaN	0	0	0
positional44,27,64,3,97	0.8043478260869565	37	9	46
positional44,27,64,3,97	0.8043478260869565	37	9	46
positional44,27,64,3,97	0.8043478260869565	37	9	46
positional44,27,64,3,97	0.7857142857142857	11	3	14
positional44,27,64,3,97	0.7857142857142857	11	3	14
positional44,27,64,3,97	0.65625	21	11	32
positional59,26,53,13,88	0.6428571428571429	9	5	14
positional59,26,53,13,88	0.6111111111111112	77	45	126
positional59,26,53,13,88	0.6111111111111112	77	45	126
positional44,27,64,3,97	0.6076388888888888	175	100	288
positional44,27,64,3,97	0.6076388888888888	175	100	288
positional44,27,64,3,97	0.6076388888888888	175	100	288
positional53,31,68,9,83	0.6071428571428571	17	10	28
positional59,26,53,13,88	0.6	36	22	60
positional59,26,53,13,88	0.5821917808219178	85	56	146
positional59,26,53,13,88	0.5821917808219178	85	56	146
positional48,24,76,7,95	0.58	29	21	50
positional59,26,53,13,88	0.5671641791044776	76	55	134
positional44,27,64,3,97	0.5648148148148148	61	41	108
positional59,26,53,13,88	0.5645161290322581	35	26	62
positional44,27,64,3,97	0.5625	9	7	16
positional59,26,53,13,88-0-stable0.22	0.5625	18	13	32
positional59,26,53,13,88	0.5441176470588235	37	29	68
positional44,27,64,3,97-0-greedy	0.5333333333333333	16	14	30
positional59,26,53,13,88	0.5192307692307693	27	22	52
positional59,26,53,13,88	0.5192307692307693	27	22	52
positional59,26,53,13,88	0.5192307692307693	27	22	52
positional44,27,64,3,97	0.5135135135135135	76	68	148
positional44,27,64,3,97	0.5135135135135135	76	68	148
positional44,27,64,3,97	0.5135135135135135	76	68	148
positional44,27,64,3,97	0.5102040816326531	50	45	98
positional44,27,64,3,97	0.5	24	24	48
positional44,27,64,3,97	0.5	8	6	16
positional44,27,64,3,97	0.4791666666666667	23	24	48
positional44,27,64,3,97	0.46	23	24	50
positional59,26,53,13,88-16-positional48,22,54,10,95	0.46	46	49	100
positional44,27,64,3,97	0.46	23	24	50
positional59,26,53,13,88-16-positional48,22,54,10,95	0.46	46	49	100
positional44,27,64,3,97	0.46	23	24	50
positional44,27,64,3,97	0.45	27	30	60
positional44,27,64,3,97	0.45	27	30	60
positional44,27,64,3,97-6-greedy	0.375	6	10	16
positional44,27,64,3,97	0.3125	5	10	16
mobility0.61	0.29464285714285715	33	71	112
mobility0.61	0.29464285714285715	33	71	112
mobility0.61	0.29464285714285715	33	71	112
positional38,17,71,13,94-14-greedy	0.27439024390243905	45	112	164
mobility0.07	0.25157232704402516	80	225	318
mobility0.07	0.25157232704402516	80	225	318
mobility0.07	0.25157232704402516	80	225	318
mobility0.07	0.25157232704402516	80	225	318
mobility0.07	0.25157232704402516	80	225	318
mobility0.07	0.25157232704402516	80	225	318
mobility0.07	0.25157232704402516	80	225	318
mobility0.19-21-stable0.22	0.25	16	47	64
positional44,27,64,3,97-24-greedy	0.2391304347826087	11	33	46
positional44,27,64,3,97-15-corners	0.2245762711864407	53	178	236
positional44,27,64,3,97-15-corners	0.2245762711864407	53	178	236
