positional54,22,62,5,88	NaN	0	0	0
positional54,22,62,5,88	NaN	0	0	0
positional54,22,62,5,88	NaN	0	0	0
positional54,22,62,5,88	NaN	0	0	0
positional54,22,62,5,88	NaN	0	0	0
positional54,22,62,5,88	NaN	0	0	0
positional54,22,62,5,88	NaN	0	0	0
positional54,22,62,5,88	NaN	0	0	0
positional54,22,62,5,88	NaN	0	0	0
positional54,22,62,5,88	0.6111111111111112	44	28	72
positional54,22,62,5,88	0.6111111111111112	11	6	18
positional32,31,59,8,90	0.594017094017094	139	87	234
positional32,31,59,8,90	0.594017094017094	139	87	234
positional32,31,59,8,90	0.594017094017094	139	87	234
positional32,31,59,8,90	0.594017094017094	139	87	234
positional32,31,59,8,90	0.5925925925925926	32	20	54
positional32,31,59,8,90-0-positional34,16,73,5,98	0.5882352941176471	20	11	34
positional54,22,62,5,88	0.5833333333333334	7	5	12
positional54,22,62,5,88	0.5775862068965517	67	48	116
positional54,22,62,5,88	0.5775862068965517	67	48	116
positional48,24,76,7,95	0.5735294117647058	39	27	68
positional48,24,76,7,95	0.5735294117647058	39	27	68
positional54,22,62,5,88	0.5625	9	4	16
positional32,31,59,8,90	0.5625	9	7	16
positional32,31,59,8,90	0.5625	9	7	16
positional32,31,59,8,90	0.5571428571428572	39	29	70
positional32,31,59,8,90	0.5531914893617021	52	38	94
positional53,31,68,9,83	0.5526315789473685	42	31	76
positional54,22,62,5,88	0.5493827160493827	89	67	162
positional54,22,62,5,88	0.5493827160493827	89	67	162
positional54,22,62,5,88	0.5490196078431373	56	43	102
positional54,22,62,5,88	0.5164835164835165	94	83	182
positional32,31,59,8,90	0.5	15	14	30
positional32,31,59,8,90	0.5	15	14	30
positional54,22,62,5,88	0.4807692307692308	25	22	52
positional54,22,62,5,88	0.4583333333333333	22	25	48
positional54,22,62,5,88-23-stable0.06	0.3888888888888889	7	11	18
positional53,31,68,9,83-16-greedy	0.3466666666666667	52	97	150
positional53,31,68,9,83-16-greedy	0.3466666666666667	52	97	150
positional53,31,68,9,83-16-greedy	0.3466666666666667	52	97	150
positional53,31,68,9,83-16-greedy	0.3466666666666667	52	97	150
greedy	0.33636363636363636	37	69	110
greedy	0.33636363636363636	37	69	110
greedy	0.33636363636363636	37	69	110
greedy	0.33636363636363636	37	69	110
mobility0.32	0.3125	15	33	48
positional54,22,62,5,88-24-greedy	0.2962962962962963	32	74	108
positional32,31,59,8,90-23-stable0.58	0.29245283018867924	31	72	106
positional32,31,59,8,90-23-stable0.58	0.29245283018867924	31	72	106
positional32,31,59,8,90-23-stable0.58	0.29245283018867924	31	72	106
positional32,31,59,8,90-23-stable0.58	0.29245283018867924	31	72	106
positional32,31,59,8,90-23-stable0.58	0.29245283018867924	31	72	106
positional32,31,59,8,90-8-greedy	0.2647058823529412	9	25	34
positional54,22,62,5,88-6-greedy	0.2631578947368421	30	84	114
positional46,22,52,14,85-10-greedy	0.25	8	22	32
stable0.76	0.22	11	36	50
positional54,22,62,5,88-24-greedy	0.20588235294117646	7	27	34
greedy	0.19444444444444445	7	29	36
positional32,31,59,8,90-6-corners	0.15476190476190477	13	68	84
positional32,31,59,8,90-19-corners	0.12	6	43	50
