positional32,32,74,11,95	NaN	0	0	0
positional32,31,59,8,90-9-corners	NaN	0	0	0
positional45,21,54,5,95-17-stable0.94	NaN	0	0	0
positional32,32,74,11,95	NaN	0	0	0
positional45,21,54,5,95-17-stable0.94	NaN	0	0	0
mobility0.76	NaN	0	0	0
positional45,21,54,5,95-17-stable0.94	NaN	0	0	0
positional32,32,74,11,95	NaN	0	0	0
positional45,21,54,5,95-17-stable0.94	NaN	0	0	0
positional32,32,74,11,95	0.7428571428571429	52	18	70
positional32,32,74,11,95	0.7222222222222222	13	4	18
positional32,31,59,8,90	0.7	49	19	70
positional32,31,59,8,90	0.6388888888888888	46	23	72
positional32,31,59,8,90	0.6376811594202898	88	47	138
positional32,32,74,11,95	0.6363636363636364	56	31	88
positional32,32,74,11,95	0.62	31	18	50
positional32,31,59,8,90	0.62	31	18	50
positional32,31,59,8,90	0.62	31	18	50
positional32,31,59,8,90	0.6111111111111112	198	115	324
positional32,31,59,8,90	0.6111111111111112	198	115	324
positional32,32,74,11,95	0.6031746031746031	152	93	252
positional32,32,74,11,95	0.6031746031746031	152	93	252
positional32,32,74,11,95	0.6031746031746031	152	93	252
positional32,32,74,11,95	0.6031746031746031	152	93	252
positional32,32,74,11,95	0.5857142857142857	41	29	70
positional32,32,74,11,95	0.5833333333333334	21	14	36
positional32,32,74,11,95	0.5705128205128205	89	64	156
positional32,32,74,11,95-8-greedy	0.40476190476190477	34	48	84
mobility0.32	0.391304347826087	18	28	46
mobility0.32	0.3728813559322034	44	70	118
mobility0.32	0.3728813559322034	44	70	118
positional32,32,74,11,95-21-stable0.37	0.36904761904761907	31	52	84
positional32,32,74,11,95-21-stable0.37	0.36904761904761907	31	52	84
positional32,32,74,11,95-21-stable0.37	0.36904761904761907	31	52	84
greedy-12-greedy	0.3611111111111111	13	23	36
positional32,32,74,11,95-23-stable0.91	0.3611111111111111	26	44	72
greedy-12-greedy	0.3611111111111111	13	23	36
positional32,32,74,11,95-23-stable0.91	0.3611111111111111	26	44	72
positional46,22,52,14,85-10-greedy	0.35909090909090907	79	135	220
positional46,22,52,14,85-10-greedy	0.35909090909090907	79	135	220
positional46,22,52,14,85-10-greedy	0.35909090909090907	79	135	220
positional46,22,52,14,85-10-greedy	0.35909090909090907	79	135	220
greedy	0.3317757009345794	71	138	214
greedy	0.3317757009345794	71	138	214
positional32,32,74,11,95-23-stable0.06	0.32954545454545453	29	56	88
greedy	0.325	52	105	160
greedy	0.325	52	105	160
positional32,31,59,8,90-8-greedy	0.319672131147541	39	76	122
positional32,32,74,11,95-16-greedy	0.3142857142857143	22	45	70
positional32,31,59,8,90-23-stable0.58	0.3125	50	106	160
positional53,31,68,9,83-16-greedy	0.3088235294117647	84	180	272
positional53,31,68,9,83-16-greedy	0.3088235294117647	84	180	272
greedy	0.3055555555555556	11	25	36
greedy-23-stable0.06	0.28846153846153844	15	36	52
stable0.76	0.2830188679245283	30	73	106
positional32,32,74,11,95-10-greedy	0.27941176470588236	19	47	68
stable0.76	0.26666666666666666	32	81	120
positional32,32,74,11,95-19-corners	0.24285714285714285	17	52	70
greedy	0.2361111111111111	17	53	72
positional32,31,59,8,90-19-corners	0.22115384615384615	23	76	104
