greedy	NaN	0	0	0
positional58,34,79,9,93	NaN	0	0	0
mobility0.86	NaN	0	0	0
corners-9-greedy	NaN	0	0	0
positional48,20,58,5,98-17-positional32,20,74,12,86	NaN	0	0	0
positional45,27,53,1,81	0.7333333333333333	22	7	30
positional52,16,53,6,81	0.7222222222222222	26	8	36
positional48,20,58,5,98	0.7222222222222222	13	5	18
positional52,16,53,6,81	0.7222222222222222	26	8	36
positional45,27,53,1,81	0.6571428571428571	46	24	70
positional45,27,53,1,81	0.6571428571428571	46	24	70
positional45,27,53,1,81	0.6571428571428571	46	24	70
positional45,27,53,1,81	0.6571428571428571	46	24	70
positional53,21,73,2,82	0.65	65	32	100
positional45,27,53,1,81	0.6153846153846154	32	15	52
positional45,27,53,1,81	0.6	108	68	180
positional45,27,53,1,81	0.6	108	68	180
positional45,27,53,1,81	0.6	108	68	180
positional45,27,53,1,81	0.5918367346938775	58	39	98
positional53,21,73,2,82	0.5833333333333334	28	18	48
positional53,21,73,2,82-0-greedy	0.5625	27	19	48
positional53,21,73,2,82	0.5614035087719298	128	89	228
positional53,21,73,2,82	0.5614035087719298	128	89	228
positional53,21,73,2,82	0.5614035087719298	128	89	228
positional53,21,73,2,82	0.5614035087719298	128	89	228
positional53,21,73,2,82	0.5581395348837209	48	34	86
positional53,21,73,2,82	0.5571428571428572	39	26	70
positional48,20,58,5,98	0.5344827586206896	62	50	116
positional45,27,53,1,81	0.5340909090909091	47	39	88
positional45,27,53,1,81	0.5294117647058824	18	15	34
positional45,27,53,1,81	0.4444444444444444	16	17	36
greedy	0.4069767441860465	35	49	86
positional45,27,53,1,81	0.3888888888888889	7	10	18
positional53,21,73,2,82-9-corners	0.34	17	31	50
stable0.79	0.3333333333333333	12	23	36
stable0.79	0.3333333333333333	12	23	36
mobility0.76	0.3229166666666667	31	62	96
mobility0.76	0.3229166666666667	31	62	96
positional45,27,53,1,81-7-greedy	0.3170731707317073	26	51	82
positional45,27,53,1,81-7-greedy	0.3170731707317073	26	51	82
positional45,27,53,1,81-7-greedy	0.3170731707317073	26	51	82
positional45,27,53,1,81-21-stable0.37	0.3157894736842105	48	101	152
positional45,27,53,1,81-21-stable0.37	0.3157894736842105	48	101	152
stable0.87-22-corners	0.3125	10	21	32
greedy-12-greedy	0.29411764705882354	20	47	68
positional48,20,58,5,98-21-stable0.37	0.2619047619047619	22	61	84
greedy	0.2571428571428571	18	47	70
positional45,27,53,1,81-23-stable0.91	0.24271844660194175	50	150	206
positional45,27,53,1,81-23-stable0.91	0.24271844660194175	50	150	206
positional45,27,53,1,81-23-stable0.91	0.24271844660194175	50	150	206
positional45,27,53,1,81-23-stable0.91	0.24271844660194175	50	150	206
positional45,27,53,1,81-9-corners	0.21875	7	25	32
positional48,20,58,5,98-17-stable0.94	0.18556701030927836	36	151	194
positional48,20,58,5,98-17-stable0.94	0.18556701030927836	36	151	194
positional48,20,58,5,98-17-stable0.94	0.18556701030927836	36	151	194
positional48,20,58,5,98-17-stable0.94	0.18556701030927836	36	151	194
positional48,20,58,5,98-17-stable0.94	0.18556701030927836	36	151	194
positional48,20,58,5,98-17-stable0.94	0.18556701030927836	36	151	194
positional48,20,58,5,98-17-stable0.94	0.18556701030927836	36	151	194
corners-22-mobility0.97	0.16666666666666666	6	29	36
