positional48,32,50,6,90-19-mobility0.89	NaN	0	0	0
positional52,24,59,10,95	NaN	0	0	0
positional48,32,50,6,90-19-mobility0.89	NaN	0	0	0
corners	NaN	0	0	0
corners	NaN	0	0	0
positional52,24,59,10,95-22-mobility0.97	NaN	0	0	0
positional32,19,56,0,91	0.7647058823529411	26	7	34
positional52,24,59,10,95	0.75	12	4	16
positional52,24,59,10,95	0.75	12	4	16
positional48,20,58,5,98	0.7272727272727273	32	12	44
positional48,20,58,5,98	0.6481481481481481	35	18	54
positional48,32,50,6,90	0.6428571428571429	9	5	14
positional48,20,58,5,98-17-positional58,30,76,13,82	0.6333333333333333	19	10	30
positional52,16,53,6,81	0.6111111111111112	11	7	18
positional32,19,56,0,91-17-positional58,30,76,13,82	0.6111111111111112	11	6	18
positional48,32,50,6,90	0.5847457627118644	69	43	118
positional52,24,59,10,95	0.578125	74	52	128
positional48,32,50,6,90	0.5666666666666667	17	11	30
positional52,24,59,10,95	0.5625	18	13	32
positional48,32,50,6,90	0.5227272727272727	23	18	44
positional52,24,59,10,95	0.5	23	21	46
corners-9-greedy	0.4772727272727273	21	22	44
positional52,24,59,10,95-20-positional45,28,59,1,83	0.4666666666666667	14	15	30
positional52,24,59,10,95-5-stable0.84	0.4444444444444444	8	10	18
positional52,24,59,10,95-5-stable0.84	0.4444444444444444	8	10	18
corners-21-mobility0.24	0.42857142857142855	6	8	14
corners-21-mobility0.24	0.42857142857142855	6	8	14
corners-21-mobility0.24	0.42857142857142855	6	8	14
corners-21-mobility0.24	0.42857142857142855	6	8	14
corners-21-mobility0.24	0.42857142857142855	6	8	14
corners-21-mobility0.24	0.42857142857142855	6	8	14
corners-21-mobility0.24	0.42857142857142855	6	8	14
positional52,16,53,6,81	0.39285714285714285	11	16	28
positional48,32,50,6,90-16-stable0.44	0.375	6	9	16
mobility0.86	0.3620689655172414	21	35	58
positional52,24,59,10,95-15-corners	0.3597560975609756	59	104	164
positional52,24,59,10,95-15-corners	0.3597560975609756	59	104	164
positional52,24,59,10,95-15-corners	0.3597560975609756	59	104	164
positional52,24,59,10,95-15-corners	0.3597560975609756	59	104	164
positional52,24,59,10,95-15-corners	0.3597560975609756	59	104	164
positional52,24,59,10,95-15-corners	0.3597560975609756	59	104	164
positional52,24,59,10,95-15-corners	0.3597560975609756	59	104	164
positional48,32,50,6,90-9-corners	0.35714285714285715	20	36	56
positional48,32,50,6,90-9-corners	0.35714285714285715	20	36	56
positional48,32,50,6,90-9-corners	0.35714285714285715	20	36	56
stable0.87-22-corners	0.3404255319148936	32	58	94
stable0.79	0.3333333333333333	32	62	96
stable0.79	0.3333333333333333	32	62	96
stable0.79	0.3333333333333333	32	62	96
positional52,24,59,10,95-7-greedy	0.3165137614678899	69	139	218
positional52,24,59,10,95-7-greedy	0.3165137614678899	69	139	218
greedy	0.29545454545454547	13	29	44
greedy	0.29411764705882354	10	24	34
mobility0.86	0.29347826086956524	27	62	92
mobility0.86-23-greedy	0.2857142857142857	4	10	14
corners	0.2826086956521739	13	33	46
corners-22-mobility0.97	0.2719298245614035	31	81	114
positional52,24,59,10,95-7-corners	0.25	16	44	64
stable1.00	0.2391304347826087	11	31	46
stable0.79	0.234375	15	47	64
