positional45,22,56,0,80	NaN	0	0	0
positional53,18,68,13,91	NaN	0	0	0
positional30,21,63,12,96	NaN	0	0	0
positional30,21,63,12,96	NaN	0	0	0
positional47,18,60,7,92	NaN	0	0	0
positional37,33,78,7,80	NaN	0	0	0
positional37,33,78,7,80	0.6666666666666666	12	6	18
positional47,18,60,7,92	0.6566265060240963	109	55	166
positional47,18,60,7,92	0.6566265060240963	109	55	166
positional47,18,60,7,92	0.6566265060240963	109	55	166
positional30,21,63,12,96	0.6111111111111112	44	26	72
positional37,33,78,7,80	0.6029411764705882	82	48	136
positional30,21,63,12,96	0.6	42	25	70
positional47,18,60,7,92	0.6	30	19	50
positional41,30,63,1,81	0.5961538461538461	62	41	104
positional45,22,56,0,80	0.5918367346938775	58	39	98
positional45,22,56,0,80	0.5918367346938775	58	39	98
positional37,33,78,7,80	0.5918367346938775	58	36	98
positional37,33,78,7,80	0.5918367346938775	58	36	98
positional37,33,78,7,80	0.5918367346938775	58	36	98
positional30,21,63,12,96	0.5882352941176471	20	13	34
positional58,29,57,9,80	0.5833333333333334	70	45	120
positional37,33,78,7,80	0.5833333333333334	21	14	36
positional48,27,79,8,99	0.5769230769230769	15	10	26
positional45,22,56,0,80	0.5747863247863247	269	174	468
positional45,22,56,0,80	0.5747863247863247	269	174	468
positional30,21,63,12,96	0.5660377358490566	60	41	106
positional34,16,51,9,87	0.5625	9	7	16
positional45,22,56,0,80	0.5625	18	14	32
positional30,21,63,12,96	0.5606060606060606	37	28	66
positional30,21,63,12,96	0.5568181818181818	49	36	88
positional30,21,63,12,96	0.5568181818181818	49	36	88
positional45,22,56,0,80	0.5384615384615384	28	23	52
positional45,22,56,0,80-0-positional58,23,72,2,93	0.5	52	49	104
positional58,29,57,9,80	0.5	17	15	34
positional37,33,78,7,80	0.46153846153846156	24	28	52
mobility0.15	0.3389830508474576	40	74	118
mobility0.15	0.3389830508474576	40	74	118
corners-13-stable0.11	0.3177083333333333	61	125	192
corners-13-stable0.11	0.3177083333333333	61	125	192
greedy	0.3118811881188119	63	137	202
greedy	0.3118811881188119	63	137	202
greedy	0.3118811881188119	63	137	202
positional30,21,63,12,96-18-mobility0.09	0.3046875	39	88	128
positional30,21,63,12,96-18-mobility0.09	0.3046875	39	88	128
positional37,33,78,7,80-21-corners	0.30303030303030304	20	46	66
positional41,32,56,14,80-18-stable0.85	0.29411764705882354	20	45	68
positional41,32,56,14,80-18-stable0.85	0.29411764705882354	20	45	68
positional41,32,56,14,80-18-stable0.85	0.29411764705882354	20	45	68
stable0.26	0.2757009345794392	59	151	214
stable0.26	0.2757009345794392	59	151	214
greedy	0.25925925925925924	14	40	54
corners	0.25757575757575757	34	94	132
corners	0.24074074074074073	13	41	54
corners	0.22429906542056074	48	158	214
corners	0.22429906542056074	48	158	214
corners	0.22429906542056074	48	158	214
stable0.26	0.20930232558139536	18	66	86
positional30,21,63,12,96-21-corners	0.171875	11	52	64
positional30,21,63,12,96-13-stable0.11	0.1111111111111111	2	15	18
