stable0.73-22-positional47,18,76,7,81	NaN	0	0	0
positional52,24,59,10,95	NaN	0	0	0
positional48,32,50,6,90-18-corners	NaN	0	0	0
positional34,25,66,12,93-23-corners	NaN	0	0	0
positional52,24,59,10,95	NaN	0	0	0
positional46,31,72,7,96	0.7222222222222222	13	4	18
positional48,20,58,5,98-17-positional58,30,76,13,82	0.6612903225806451	41	20	62
positional48,20,58,5,98	0.648936170212766	122	61	188
positional48,20,58,5,98	0.648936170212766	122	61	188
positional52,24,59,10,95	0.6176470588235294	42	21	68
positional52,24,59,10,95-20-positional45,28,59,1,83	0.6031746031746031	76	48	126
positional52,24,59,10,95-20-positional45,28,59,1,83	0.6031746031746031	76	48	126
positional52,16,53,6,81	0.6	18	9	30
positional48,20,58,5,98	0.5897435897435898	92	61	156
positional48,20,58,5,98	0.5897435897435898	92	61	156
positional48,20,58,5,98	0.5897435897435898	92	61	156
positional48,32,50,6,90	0.5888888888888889	53	32	90
positional52,24,59,10,95	0.5813953488372093	50	34	86
positional52,24,59,10,95	0.5813953488372093	50	34	86
positional52,24,59,10,95	0.5813953488372093	50	34	86
positional32,19,56,0,91-17-positional58,30,76,13,82	0.5510204081632653	54	42	98
corners	0.46875	15	16	32
positional48,32,50,6,90-19-mobility0.89	0.4375	28	34	64
corners-21-mobility0.24	0.39	78	117	200
corners-21-mobility0.24	0.39	78	117	200
corners-21-mobility0.24	0.39	78	117	200
corners-21-mobility0.24	0.39	78	117	200
corners-21-mobility0.24	0.39	78	117	200
mobility0.53	0.3888888888888889	21	31	54
mobility0.30	0.38235294117647056	13	20	34
positional52,24,59,10,95-15-corners	0.3769230769230769	98	159	260
positional52,24,59,10,95-15-corners	0.3769230769230769	98	159	260
positional48,32,50,6,90-16-stable0.44	0.35714285714285715	10	17	28
corners	0.3333333333333333	26	49	78
corners	0.3333333333333333	26	49	78
positional32,19,56,0,91-17-stable0.84	0.3333333333333333	28	55	84
greedy	0.3333333333333333	12	21	36
corners	0.3333333333333333	26	49	78
positional48,32,50,6,90-9-corners	0.32075471698113206	68	140	212
positional48,32,50,6,90-9-corners	0.32075471698113206	68	140	212
positional48,32,50,6,90-9-corners	0.32075471698113206	68	140	212
positional48,32,50,6,90-9-corners	0.32075471698113206	68	140	212
positional52,24,59,10,95-21-mobility0.24	0.32	16	33	50
positional32,19,56,0,91-16-stable0.44	0.3088235294117647	21	45	68
positional48,32,50,6,90-19-mobility0.89	0.3026315789473684	23	50	76
positional48,32,50,6,90-19-mobility0.89	0.3026315789473684	23	50	76
positional52,24,59,10,95-5-stable0.84	0.2894736842105263	33	76	114
positional52,24,59,10,95-5-stable0.84	0.2894736842105263	33	76	114
positional52,24,59,10,95-23-greedy	0.28846153846153844	15	35	52
stable1.00	0.2804878048780488	23	55	82
positional48,20,58,5,98-17-corners	0.2777777777777778	5	11	18
positional52,16,53,6,81-15-corners	0.2647058823529412	18	48	68
greedy-21-greedy	0.24	12	37	50
greedy-21-greedy	0.24	12	37	50
greedy-21-greedy	0.24	12	37	50
corners	0.23529411764705882	8	26	34
greedy	0.1875	3	13	16
mobility0.86-23-greedy	0.18181818181818182	12	53	66
mobility0.86-23-greedy	0.18181818181818182	12	53	66
greedy-12-corners	0.16666666666666666	3	15	18
