positional52,24,59,10,95-21-positional47,32,56,13,87	NaN	0	0	0
positional48,32,50,6,90-13-corners	NaN	0	0	0
mobility0.16-12-stable0.17	NaN	0	0	0
greedy-12-positional34,16,67,9,86	NaN	0	0	0
positional32,19,56,0,91	0.9	27	3	30
positional52,24,59,10,95	0.78125	25	6	32
positional48,32,50,6,90	0.75	21	6	28
stable0.73-22-positional47,18,76,7,81	0.71875	23	8	32
positional52,24,59,10,95	0.6538461538461539	17	7	26
positional46,31,72,7,96	0.6506024096385542	108	54	166
positional46,31,72,7,96	0.6506024096385542	108	54	166
positional46,31,72,7,96	0.6506024096385542	108	54	166
positional48,32,50,6,90	0.6363636363636364	28	13	44
positional33,17,68,13,95	0.6324786324786325	148	77	234
positional33,17,68,13,95	0.6324786324786325	148	77	234
positional33,17,68,13,95	0.6304347826086957	29	15	46
positional52,24,59,10,95-20-positional45,28,59,1,83	0.6056338028169014	86	54	142
positional52,24,59,10,95	0.6020408163265306	59	36	98
positional48,32,50,6,90	0.6	72	43	120
positional33,17,68,13,95	0.5945945945945946	44	25	74
positional34,25,66,12,93	0.5869565217391305	27	17	46
positional48,32,50,6,90	0.5833333333333334	28	18	48
positional52,24,59,10,95	0.5813953488372093	100	65	172
positional52,24,59,10,95	0.5813953488372093	100	65	172
positional52,24,59,10,95	0.5813953488372093	100	65	172
positional52,24,59,10,95	0.5813953488372093	100	65	172
positional52,24,59,10,95	0.5813953488372093	100	65	172
positional52,24,59,10,95	0.5813953488372093	100	65	172
positional52,24,59,10,95	0.5813953488372093	100	65	172
positional33,17,68,13,95	0.5714285714285714	32	23	56
positional48,32,50,6,90	0.53125	17	14	32
positional32,19,56,0,91	0.5	23	22	46
mobility0.53	0.40441176470588236	55	75	136
mobility0.53	0.40441176470588236	55	75	136
mobility0.30	0.39	39	60	100
mobility0.30	0.39	39	60	100
stable0.73	0.3787878787878788	25	40	66
greedy	0.375	18	28	48
positional46,31,72,7,96-18-mobility0.05	0.3541666666666667	17	31	48
greedy	0.3275862068965517	38	75	116
greedy-21-greedy	0.3269230769230769	68	137	208
greedy-21-greedy	0.3269230769230769	68	137	208
greedy-21-greedy	0.3269230769230769	68	137	208
greedy-21-greedy	0.3269230769230769	68	137	208
greedy-21-greedy	0.3269230769230769	68	137	208
greedy-12-corners	0.30851063829787234	29	64	94
positional48,32,50,6,90-18-corners	0.28879310344827586	67	159	232
positional48,32,50,6,90-18-corners	0.28879310344827586	67	159	232
positional48,32,50,6,90-18-corners	0.28879310344827586	67	159	232
positional48,32,50,6,90-18-corners	0.28879310344827586	67	159	232
positional48,32,50,6,90-18-corners	0.28879310344827586	67	159	232
positional48,32,50,6,90-18-corners	0.28879310344827586	67	159	232
greedy	0.2857142857142857	4	9	14
greedy	0.2857142857142857	24	60	84
greedy	0.2857142857142857	24	60	84
greedy	0.2857142857142857	4	9	14
mobility0.53	0.2608695652173913	12	32	46
positional34,25,66,12,93-23-corners	0.25316455696202533	40	106	158
positional34,25,66,12,93-23-corners	0.25316455696202533	40	106	158
positional34,25,66,12,93-23-corners	0.25316455696202533	40	106	158
