greedy-19-greedy	NaN	0	0	0
positional43,20,76,6,87	0.8333333333333334	15	3	18
positional43,20,76,6,87	0.8333333333333334	15	3	18
positional43,20,76,6,87	0.7142857142857143	10	4	14
positional33,17,68,13,95	0.6666666666666666	32	15	48
positional33,17,68,13,95	0.6627906976744186	57	25	86
positional54,23,73,2,81	0.66	33	15	50
positional54,23,73,2,81	0.66	33	15	50
positional43,20,76,6,87	0.6282051282051282	49	27	78
positional46,31,72,7,96	0.6153846153846154	32	17	52
positional46,31,72,7,96	0.6153846153846154	32	17	52
positional46,31,72,7,96	0.6153846153846154	32	17	52
positional46,31,72,7,96	0.6153846153846154	32	17	52
positional33,17,68,13,95	0.6065573770491803	74	44	122
positional33,17,68,13,95	0.6	54	34	90
positional54,23,73,2,81	0.5975609756097561	49	30	82
positional32,19,56,0,91	0.59375	57	38	96
positional43,20,76,6,87	0.59375	19	10	32
positional46,31,72,7,96	0.5882352941176471	20	13	34
positional43,20,76,6,87	0.5851063829787234	55	37	94
positional43,20,76,6,87	0.5833333333333334	147	95	252
positional43,20,76,6,87	0.5833333333333334	147	95	252
positional43,20,76,6,87	0.5625	9	6	16
positional33,17,68,13,95	0.5588235294117647	19	15	34
positional43,20,76,6,87-21-positional47,32,56,13,87	0.524390243902439	43	38	82
greedy-12-positional34,16,67,9,86	0.5	26	25	52
positional43,20,76,6,87-5-greedy	0.4444444444444444	8	7	18
positional43,20,76,6,87-5-greedy	0.4444444444444444	8	7	18
mobility0.16	0.36046511627906974	31	52	86
positional43,20,76,6,87-18-mobility0.05	0.35714285714285715	25	41	70
positional32,19,56,0,91-22-greedy	0.35294117647058826	12	21	34
positional54,23,73,2,81-11-stable0.28	0.35294117647058826	12	19	34
positional54,23,73,2,81-11-stable0.28	0.35294117647058826	12	19	34
greedy	0.34375	11	20	32
mobility0.16-12-stable0.17	0.34285714285714286	24	42	70
positional53,32,61,13,80-24-mobility0.95	0.3333333333333333	32	57	96
positional53,32,61,13,80-24-mobility0.95	0.3333333333333333	32	57	96
positional53,32,61,13,80-24-mobility0.95	0.3333333333333333	32	57	96
positional33,17,68,13,95-7-greedy	0.3269230769230769	17	34	52
positional33,17,68,13,95-7-greedy	0.3269230769230769	17	34	52
stable0.72	0.32142857142857145	27	53	84
stable0.72	0.32142857142857145	27	53	84
positional46,31,72,7,96-18-mobility0.05	0.31683168316831684	64	134	202
positional46,31,72,7,96-18-mobility0.05	0.31683168316831684	64	134	202
stable0.42-7-stable0.03	0.3	15	32	50
stable0.42-7-stable0.03	0.3	15	32	50
stable0.86	0.26	13	34	50
mobility0.86	0.25	13	34	52
mobility0.86	0.25	13	34	52
greedy	0.24561403508771928	56	161	228
greedy	0.24561403508771928	56	161	228
greedy	0.24561403508771928	56	161	228
greedy	0.24561403508771928	56	161	228
greedy	0.24561403508771928	56	161	228
greedy	0.24561403508771928	56	161	228
positional54,23,73,2,81-13-corners	0.23529411764705882	16	48	68
positional54,23,73,2,81-13-corners	0.23529411764705882	16	48	68
positional54,23,73,2,81-13-corners	0.21739130434782608	10	35	46
stable0.42	0.19230769230769232	10	41	52
stable0.42	0.05555555555555555	1	16	18
