positional53,30,50,10,97-22-greedy	NaN	0	0	0
positional49,33,72,12,96-11-greedy	NaN	0	0	0
positional53,30,50,10,97	0.8888888888888888	16	2	18
positional49,33,72,12,96	0.765625	49	15	64
positional49,33,72,12,96	0.765625	49	15	64
positional49,33,72,12,96	0.765625	49	15	64
positional54,18,79,7,85	0.7352941176470589	75	24	102
positional32,19,56,0,91	0.7058823529411765	24	9	34
positional55,17,55,9,90	0.6875	11	5	16
positional55,17,55,9,90	0.6875	11	5	16
positional55,17,55,9,90	0.6875	11	5	16
positional49,33,72,12,96	0.6818181818181818	45	20	66
positional53,30,50,10,97	0.66	33	17	50
positional54,18,79,7,85	0.6515151515151515	43	19	66
positional53,30,50,10,97	0.6428571428571429	9	4	14
positional53,30,50,10,97	0.6379310344827587	111	59	174
positional53,30,50,10,97	0.6379310344827587	111	59	174
positional53,30,50,10,97	0.6379310344827587	111	59	174
stable0.42-7-greedy	0.625	10	6	16
positional53,30,50,10,97	0.6176470588235294	21	10	34
positional49,33,72,12,96	0.6029411764705882	41	26	68
positional55,17,55,9,90	0.6029411764705882	41	25	68
positional55,17,55,9,90-11-stable0.28	0.4444444444444444	8	9	18
positional54,18,79,7,85-8-corners	0.4444444444444444	8	10	18
positional46,20,52,5,88-11-greedy	0.421875	27	37	64
positional46,20,52,5,88-11-greedy	0.421875	27	37	64
positional46,20,52,5,88-11-greedy	0.421875	27	37	64
greedy	0.4142857142857143	29	39	70
stable0.72	0.40625	26	36	64
positional53,30,50,10,97-7-corners	0.3958333333333333	38	58	96
stable0.42	0.3958333333333333	19	27	48
positional53,30,50,10,97-7-corners	0.3958333333333333	38	58	96
positional53,30,50,10,97-7-corners	0.3958333333333333	38	58	96
positional53,30,50,10,97-5-greedy	0.3804347826086957	70	109	184
positional53,30,50,10,97-5-greedy	0.3804347826086957	70	109	184
positional53,30,50,10,97-5-greedy	0.3804347826086957	70	109	184
stable0.42-7-stable0.03	0.3780487804878049	62	95	164
stable0.42-7-stable0.03	0.3780487804878049	62	95	164
greedy-19-greedy	0.375	12	18	32
positional54,18,79,7,85-11-stable0.28	0.37244897959183676	73	114	196
positional54,18,79,7,85-11-stable0.28	0.37244897959183676	73	114	196
positional54,18,79,7,85-11-stable0.28	0.37244897959183676	73	114	196
positional54,18,79,7,85-5-greedy	0.37	37	63	100
positional49,33,72,12,96-7-greedy	0.36046511627906974	31	54	86
positional32,19,56,0,91-22-greedy	0.35294117647058826	36	64	102
positional53,32,61,13,80-24-mobility0.95	0.3476190476190476	73	125	210
positional53,32,61,13,80-24-mobility0.95	0.3476190476190476	73	125	210
positional53,30,50,10,97-14-stable0.32	0.34	17	31	50
mobility0.86-24-mobility0.95	0.30952380952380953	26	55	84
stable0.72	0.3092105263157895	47	99	152
positional39,22,77,7,95-9-corners	0.3055555555555556	44	92	144
positional39,22,77,7,95-9-corners	0.3055555555555556	44	92	144
positional39,22,77,7,95-9-corners	0.3055555555555556	44	92	144
positional39,22,77,7,95-9-corners	0.3055555555555556	44	92	144
positional39,22,77,7,95-9-corners	0.3055555555555556	44	92	144
mobility0.06-16-corners	0.29411764705882354	10	23	34
mobility0.86	0.29310344827586204	34	75	116
mobility0.86	0.29310344827586204	34	75	116
mobility0.86	0.29310344827586204	34	75	116
stable0.86	0.2462686567164179	33	96	134
