positional34,24,76,4,81	NaN	0	0	0
positional34,24,76,4,81	NaN	0	0	0
positional54,18,79,7,85	NaN	0	0	0
positional34,24,76,4,81	0.7142857142857143	10	4	14
positional48,20,57,11,99	0.6923076923076923	36	15	52
positional48,20,57,11,99	0.6923076923076923	36	15	52
positional48,20,57,11,99	0.6923076923076923	36	15	52
positional49,33,72,12,96	0.6785714285714286	19	9	28
positional54,18,79,7,85	0.6554878048780488	215	103	328
positional54,18,79,7,85	0.6554878048780488	215	103	328
positional54,18,79,7,85	0.6554878048780488	215	103	328
positional54,18,79,7,85	0.6554878048780488	215	103	328
positional54,18,79,7,85	0.6554878048780488	215	103	328
positional54,18,79,7,85	0.6554878048780488	215	103	328
positional34,24,76,4,81	0.6538461538461539	34	18	52
positional34,24,76,4,81	0.6523809523809524	137	67	210
positional34,24,76,4,81	0.64	32	15	50
positional49,33,72,12,96	0.6372549019607843	65	35	102
positional54,18,79,7,85	0.625	10	6	16
positional49,33,72,12,96	0.6111111111111112	22	12	36
positional34,24,76,4,81	0.6111111111111112	11	7	18
positional49,33,72,12,96	0.5833333333333334	56	38	96
positional34,24,76,4,81	0.5588235294117647	57	40	102
positional54,18,79,7,85	0.5384615384615384	28	23	52
mobility0.06	0.5	9	8	18
positional48,20,57,11,99-5-mobility0.88	0.4722222222222222	17	18	36
stable0.42-7-greedy	0.46875	30	33	64
stable0.59-7-mobility0.79	0.4484536082474227	87	100	194
stable0.59-7-mobility0.79	0.4484536082474227	87	100	194
stable0.59-7-mobility0.79	0.4484536082474227	87	100	194
stable0.59-7-mobility0.79	0.4484536082474227	87	100	194
stable0.59-7-mobility0.79	0.4484536082474227	87	100	194
stable0.59-7-mobility0.79	0.4484536082474227	87	100	194
mobility0.51	0.42990654205607476	92	114	214
mobility0.51	0.42990654205607476	92	114	214
mobility0.51	0.42990654205607476	92	114	214
mobility0.51	0.42990654205607476	92	114	214
positional49,33,72,12,96	0.42857142857142855	6	8	14
positional54,18,79,7,85-8-corners	0.4264705882352941	29	38	68
mobility0.69	0.3888888888888889	7	10	18
positional46,20,52,5,88-11-greedy	0.3802083333333333	73	115	192
positional46,20,52,5,88-11-greedy	0.3802083333333333	73	115	192
positional34,24,76,4,81-22-greedy	0.34615384615384615	27	49	78
positional34,24,76,4,81-7-corners	0.3431372549019608	70	132	204
positional34,24,76,4,81-7-corners	0.3431372549019608	70	132	204
positional34,24,76,4,81-7-corners	0.3431372549019608	70	132	204
positional34,24,76,4,81-14-stable0.32	0.34	34	62	100
positional46,20,52,5,88-11-greedy	0.3333333333333333	6	12	18
positional34,24,76,4,81-8-corners	0.3235294117647059	22	44	68
positional34,24,76,4,81-11-greedy	0.3125	5	9	16
positional49,33,72,12,96-11-greedy	0.2916666666666667	14	33	48
positional49,33,72,12,96-11-greedy	0.2916666666666667	14	33	48
mobility0.06-16-corners	0.2831858407079646	64	160	226
mobility0.06-16-corners	0.2831858407079646	64	160	226
positional39,22,77,7,95-9-corners	0.2815126050420168	67	158	238
positional39,22,77,7,95-9-corners	0.2815126050420168	67	158	238
positional39,22,77,7,95-9-corners	0.2815126050420168	67	158	238
stable0.94	0.2777777777777778	10	25	36
positional34,24,76,4,81-9-corners	0.27450980392156865	28	70	102
positional54,18,79,7,85-11-greedy	0.22727272727272727	15	49	66
