mobility0.22-8-greedy	NaN	0	0	0
positional42,21,62,1,98	NaN	0	0	0
positional44,18,56,9,81	NaN	0	0	0
positional44,18,56,9,81	0.7941176470588235	27	6	34
positional51,27,59,5,99	0.6875	33	14	48
positional44,18,56,9,81	0.6666666666666666	12	5	18
positional44,18,56,9,81	0.6428571428571429	63	29	98
positional42,21,62,1,98	0.6341463414634146	156	84	246
positional42,21,62,1,98	0.6272727272727273	69	35	110
positional44,18,56,9,81	0.6162790697674418	53	30	86
positional44,18,56,9,81	0.6162790697674418	53	30	86
positional44,18,56,9,81	0.6162790697674418	53	30	86
positional44,18,56,9,81	0.6162790697674418	53	30	86
positional44,18,56,9,81	0.6162790697674418	53	30	86
positional51,27,59,5,99	0.6071428571428571	51	32	84
positional51,27,59,5,99	0.6071428571428571	51	32	84
positional42,21,62,1,98	0.6060606060606061	40	23	66
positional49,33,72,12,96	0.6041666666666666	58	35	96
positional49,33,72,12,96	0.6041666666666666	58	35	96
positional51,27,59,5,99	0.6	18	11	30
positional51,27,59,5,99	0.5972222222222222	43	24	72
positional42,21,62,1,98	0.5967741935483871	37	22	62
positional42,21,62,1,98	0.5487804878048781	45	34	82
positional42,21,62,1,98	0.5476190476190477	46	33	84
positional44,18,56,9,81	0.5263157894736842	60	50	114
positional51,27,59,5,99	0.5175438596491229	59	54	114
positional51,27,59,5,99	0.5	8	8	16
positional44,18,56,9,81	0.5	25	21	50
stable0.59-7-mobility0.79	0.4484536082474227	87	100	194
positional51,27,59,5,99	0.4444444444444444	16	20	36
mobility0.69	0.4393939393939394	29	35	66
mobility0.51	0.42857142857142855	120	151	280
mobility0.51-0-corners	0.359375	23	40	64
stable0.94	0.33	33	65	100
stable0.94	0.33	33	65	100
mobility0.08	0.3153846153846154	82	165	260
mobility0.08	0.3153846153846154	82	165	260
mobility0.08	0.3153846153846154	82	165	260
mobility0.08	0.3153846153846154	82	165	260
mobility0.08	0.3153846153846154	82	165	260
mobility0.08	0.3153846153846154	82	165	260
positional42,21,62,1,98-20-greedy	0.3055555555555556	11	25	36
mobility0.69	0.29591836734693877	58	127	196
mobility0.69	0.29591836734693877	58	127	196
mobility0.69	0.29591836734693877	58	127	196
mobility0.69	0.29591836734693877	58	127	196
positional44,18,56,9,81-5-mobility0.88	0.28378378378378377	42	104	148
positional44,18,56,9,81-5-mobility0.88	0.28378378378378377	42	104	148
positional44,18,56,9,81-5-mobility0.88	0.28378378378378377	42	104	148
stable0.94	0.2619047619047619	22	57	84
positional42,21,62,1,98-14-stable0.74	0.25961538461538464	27	73	104
positional42,21,62,1,98-14-stable0.74	0.25961538461538464	27	73	104
positional42,21,62,1,98-14-stable0.74	0.25961538461538464	27	73	104
positional42,21,62,1,98-14-stable0.74	0.25961538461538464	27	73	104
stable0.50	0.25	8	24	32
greedy-12-stable0.03	0.21951219512195122	18	62	82
greedy-12-stable0.03	0.21951219512195122	18	62	82
greedy-12-stable0.03	0.21951219512195122	18	62	82
greedy-12-stable0.03	0.21951219512195122	18	62	82
stable0.59	0.2	6	24	30
