positional41,17,79,12,81-17-stable0.53	NaN	0	0	0
positional54,17,59,9,95	NaN	0	0	0
positional54,17,59,9,95-8-positional30,27,70,7,89	NaN	0	0	0
positional54,17,59,9,95	NaN	0	0	0
positional54,17,59,9,95	NaN	0	0	0
positional54,17,59,9,95	NaN	0	0	0
mobility0.22-8-greedy	NaN	0	0	0
positional44,18,56,9,81	0.75	12	4	16
positional54,17,59,9,95	0.6666666666666666	24	11	36
positional41,17,79,12,81	0.6470588235294118	22	12	34
positional44,18,56,9,81	0.620253164556962	98	53	158
positional44,18,56,9,81	0.620253164556962	98	53	158
positional49,33,72,12,96	0.6052631578947368	69	42	114
positional41,17,79,12,81	0.5931372549019608	121	78	204
positional41,17,79,12,81	0.5931372549019608	121	78	204
positional41,17,79,12,81	0.5931372549019608	121	78	204
positional41,17,79,12,81	0.5813953488372093	50	31	86
positional54,17,59,9,95	0.5806451612903226	36	24	62
positional44,18,56,9,81	0.573170731707317	47	33	82
positional54,17,59,9,95	0.5703125	73	51	128
positional48,21,56,13,86	0.5666666666666667	34	25	60
positional48,21,56,13,86	0.5666666666666667	34	25	60
positional44,18,56,9,81	0.5625	9	7	16
positional44,18,56,9,81	0.5625	27	18	48
positional54,17,59,9,95	0.559322033898305	66	47	118
positional54,17,59,9,95	0.5571428571428572	39	28	70
positional54,17,59,9,95	0.5555555555555556	20	14	36
positional41,17,79,12,81	0.5365853658536586	44	34	82
positional54,17,59,9,95	0.52	26	23	50
positional44,18,56,9,81	0.5075757575757576	67	60	132
positional54,17,59,9,95	0.506578947368421	77	68	152
positional54,17,59,9,95	0.506578947368421	77	68	152
positional54,17,59,9,95	0.506578947368421	77	68	152
positional54,17,59,9,95	0.506578947368421	77	68	152
positional44,18,56,9,81	0.5	8	8	16
positional44,18,56,9,81	0.5	16	15	32
positional44,18,56,9,81	0.5	8	8	16
positional44,18,56,9,81	0.5	8	8	16
positional44,18,56,9,81	0.5	8	8	16
positional54,17,59,9,95	0.46	23	24	50
positional41,17,79,12,81-20-mobility0.35	0.4166666666666667	20	26	48
positional41,17,79,12,81-20-mobility0.35	0.4166666666666667	20	26	48
mobility0.08	0.296875	95	211	320
positional54,17,59,9,95-20-greedy	0.2815533980582524	58	144	206
positional54,17,59,9,95-20-greedy	0.2815533980582524	58	144	206
mobility0.22	0.28125	9	23	32
mobility0.08	0.2777777777777778	5	12	18
stable0.50	0.26136363636363635	23	63	88
greedy-12-stable0.03	0.25943396226415094	55	152	212
greedy-12-stable0.03	0.25943396226415094	55	152	212
positional49,33,72,12,96-5-mobility0.02	0.25	4	11	16
positional54,17,59,9,95-14-stable0.74	0.20930232558139536	36	131	172
greedy	0.1875	3	11	16
positional44,18,56,9,81-20-greedy	0.1875	6	25	32
stable0.20	0.17391304347826086	8	37	46
mobility0.09-19-stable0.51	0.15789473684210525	12	60	76
mobility0.09-19-stable0.51	0.15789473684210525	12	60	76
mobility0.09-19-stable0.51	0.15789473684210525	12	60	76
mobility0.09-19-stable0.51	0.15789473684210525	12	60	76
mobility0.09-19-stable0.51	0.15789473684210525	12	60	76
