positional58,34,52,3,92	NaN	0	0	0
corners-20-positional33,17,52,0,95	NaN	0	0	0
positional58,34,52,3,92	NaN	0	0	0
positional41,17,79,12,81-13-greedy	NaN	0	0	0
positional58,34,52,3,92	NaN	0	0	0
positional48,22,56,9,94	0.6875	11	4	16
positional48,22,56,9,94	0.6875	11	4	16
positional48,22,56,9,94	0.6875	11	4	16
positional58,34,52,3,92	0.6875	11	4	16
positional48,22,56,9,94	0.6875	11	4	16
positional41,17,79,12,81	0.6666666666666666	44	21	66
positional41,17,79,12,81	0.6153846153846154	32	19	52
positional53,15,52,2,94	0.6142857142857143	43	23	70
positional41,17,79,12,81-8-positional30,27,70,7,89	0.6060606060606061	40	24	66
positional41,17,79,12,81	0.6023622047244095	153	96	254
positional48,21,56,13,86	0.59375	95	62	160
positional48,21,56,13,86	0.59375	95	62	160
positional58,34,52,3,92	0.5925925925925926	128	81	216
positional53,15,52,2,94	0.5689655172413793	66	47	116
positional53,15,52,2,94	0.5689655172413793	66	47	116
positional53,15,52,2,94	0.5689655172413793	66	47	116
positional53,15,52,2,94	0.5686274509803921	58	40	102
positional53,15,52,2,94	0.5686274509803921	58	40	102
positional41,17,79,12,81	0.5518867924528302	117	87	212
positional58,34,52,3,92	0.5425531914893617	51	40	94
positional53,15,52,2,94	0.54	81	66	150
positional53,15,52,2,94	0.5344827586206896	62	47	116
positional53,15,52,2,94	0.5344827586206896	62	47	116
positional53,15,52,2,94	0.5344827586206896	62	47	116
positional53,15,52,2,94	0.5344827586206896	62	47	116
positional58,34,52,3,92	0.5229885057471264	91	76	174
positional58,34,52,3,92	0.5192307692307693	27	24	52
positional58,34,52,3,92	0.5192307692307693	27	24	52
positional58,34,52,3,92	0.5192307692307693	27	24	52
positional58,34,52,3,92	0.5084745762711864	60	54	118
positional58,34,52,3,92-14-positional49,33,55,10,96	0.5	18	18	36
positional53,15,52,2,94	0.47685185185185186	103	104	216
positional53,15,52,2,94	0.45689655172413796	53	60	116
positional53,15,52,2,94	0.4444444444444444	8	9	18
positional41,17,79,12,81	0.3888888888888889	7	10	18
positional58,34,52,3,92	0.38461538461538464	20	28	52
positional41,17,79,12,81	0.375	12	18	32
positional41,17,79,12,81-20-mobility0.35	0.3131868131868132	57	118	182
positional41,17,79,12,81-20-mobility0.35	0.3131868131868132	57	118	182
positional41,17,79,12,81-20-mobility0.35	0.3131868131868132	57	118	182
greedy	0.29411764705882354	10	24	34
mobility0.09	0.27941176470588236	19	45	68
positional53,15,52,2,94-21-mobility0.39	0.25	4	11	16
positional49,33,72,12,96-5-mobility0.02	0.24193548387096775	15	46	62
positional58,34,52,3,92-5-mobility0.02	0.23529411764705882	8	26	34
stable0.20	0.23333333333333334	14	45	60
stable0.20	0.2222222222222222	4	14	18
mobility0.32	0.2037037037037037	11	40	54
positional41,17,79,12,81-17-stable0.53	0.18292682926829268	15	64	82
positional41,17,79,12,81-17-stable0.53	0.18292682926829268	15	64	82
mobility0.09-19-stable0.51	0.16279069767441862	28	137	172
mobility0.09-19-stable0.51	0.16279069767441862	28	137	172
corners	0.125	6	41	48
positional53,15,52,2,94-9-corners	0.11764705882352941	4	30	34
mobility0.09	0.08333333333333333	4	44	48
