stable0.89	NaN	0	0	0
positional58,34,52,3,92	NaN	0	0	0
positional38,32,60,11,86	0.6666666666666666	12	6	18
positional58,34,52,3,92	0.6666666666666666	24	12	36
positional45,31,77,2,82	0.625	20	11	32
positional38,32,60,11,86	0.6111111111111112	22	13	36
positional38,32,60,11,86	0.6111111111111112	22	13	36
positional38,32,60,11,86	0.6111111111111112	22	13	36
positional45,31,77,2,82-8-positional49,33,55,10,96	0.6111111111111112	33	19	54
positional38,32,60,11,86	0.6111111111111112	22	13	36
positional38,32,60,11,86	0.6111111111111112	11	7	18
positional48,21,56,13,86	0.5894308943089431	145	97	246
positional48,21,56,13,86	0.5894308943089431	145	97	246
positional48,22,56,9,94	0.5769230769230769	30	20	52
positional58,34,52,3,92	0.5655737704918032	69	51	122
positional58,34,52,3,92	0.5632911392405063	89	61	158
positional58,34,52,3,92	0.5632911392405063	89	61	158
positional45,31,77,2,82	0.5625	18	13	32
positional34,32,63,13,94	0.5555555555555556	10	8	18
positional48,22,56,9,94	0.555	111	80	200
positional48,22,56,9,94	0.555	111	80	200
positional48,22,56,9,94	0.555	111	80	200
positional48,22,56,9,94	0.555	111	80	200
positional48,22,56,9,94	0.555	111	80	200
positional58,34,52,3,92-0-corners	0.5285714285714286	37	31	70
positional58,34,52,3,92	0.5285714285714286	37	32	70
positional38,32,60,11,86	0.524	131	110	250
positional58,34,52,3,92	0.52	52	42	100
positional58,34,52,3,92	0.5192307692307693	27	23	52
positional45,31,77,2,82	0.5104166666666666	49	45	96
positional45,31,77,2,82	0.5094339622641509	54	48	106
positional38,32,60,11,86	0.5038461538461538	131	120	260
positional38,32,60,11,86	0.5038461538461538	131	120	260
positional38,32,60,11,86	0.5038461538461538	131	120	260
positional58,34,52,3,92	0.5	26	23	52
positional45,31,77,2,82	0.5	7	7	14
positional58,34,52,3,92-14-positional49,33,55,10,96	0.4852941176470588	66	65	136
positional58,34,52,3,92-14-positional49,33,55,10,96	0.4852941176470588	66	65	136
positional48,22,56,9,94	0.48148148148148145	26	23	54
corners-20-positional33,17,52,0,95	0.453125	29	30	64
positional45,31,77,2,82	0.4444444444444444	8	10	18
positional38,32,60,11,86	0.4146341463414634	34	45	82
positional45,31,77,2,82-13-greedy	0.36363636363636365	24	41	66
positional45,31,77,2,82-8-stable0.98	0.3076923076923077	16	36	52
positional45,31,77,2,82-8-stable0.98	0.3076923076923077	16	36	52
positional38,32,60,11,86-21-mobility0.39	0.29411764705882354	20	47	68
mobility0.73-5-corners	0.28846153846153844	15	35	52
mobility0.73-5-corners	0.28846153846153844	15	35	52
greedy	0.28	14	36	50
mobility0.32	0.2710843373493976	45	114	166
mobility0.32	0.2710843373493976	45	114	166
corners	0.22916666666666666	11	36	48
mobility0.15	0.21428571428571427	21	75	98
mobility0.15	0.21428571428571427	21	75	98
mobility0.15	0.21428571428571427	21	75	98
mobility0.15	0.21428571428571427	21	75	98
greedy	0.21153846153846154	11	41	52
corners	0.17424242424242425	23	105	132
positional38,32,60,11,86-9-corners	0.17307692307692307	9	43	52
positional38,32,60,11,86-10-stable0.30	0.14705882352941177	5	26	34
