positional49,20,76,11,85	NaN	0	0	0
positional35,23,50,9,81	NaN	0	0	0
positional41,32,56,14,80	0.75	12	4	16
positional35,23,50,9,81	0.6122448979591837	60	35	98
positional58,29,57,9,80	0.6111111111111112	11	7	18
positional38,20,52,10,83	0.6111111111111112	11	7	18
positional38,20,52,10,83	0.6111111111111112	11	7	18
positional30,21,63,12,96	0.5909090909090909	26	18	44
positional35,23,50,9,81	0.5894736842105263	112	73	190
positional35,23,50,9,81	0.5894736842105263	112	73	190
positional30,21,63,12,96-22-positional33,32,61,14,88	0.5833333333333334	21	14	36
positional38,20,52,10,83	0.5729166666666666	55	39	96
positional58,29,57,9,80	0.5714285714285714	56	38	98
positional35,23,50,9,81	0.5714285714285714	8	6	14
positional35,23,50,9,81	0.5666666666666667	34	22	60
positional30,21,63,12,96	0.5555555555555556	20	16	36
positional38,20,52,10,83-22-positional53,17,58,3,91	0.5547945205479452	81	57	146
positional38,20,52,10,83-22-positional53,17,58,3,91	0.5547945205479452	81	57	146
positional38,20,52,10,83-22-positional53,17,58,3,91	0.5547945205479452	81	57	146
positional38,20,52,10,83-22-positional53,17,58,3,91	0.5547945205479452	81	57	146
positional38,20,52,10,83-22-positional53,17,58,3,91	0.5547945205479452	81	57	146
positional30,21,63,12,96	0.5540540540540541	123	92	222
positional30,21,63,12,96	0.5540540540540541	123	92	222
positional30,21,63,12,96	0.5540540540540541	123	92	222
positional30,21,63,12,96	0.5540540540540541	123	92	222
positional30,21,63,12,96	0.5540540540540541	123	92	222
positional30,21,63,12,96	0.5540540540540541	123	92	222
positional30,21,63,12,96	0.5540540540540541	123	92	222
positional30,21,63,12,96	0.5434782608695652	25	20	46
positional58,29,57,9,80	0.54	27	23	50
positional53,18,68,13,91	0.54	27	18	50
positional38,20,52,10,83	0.5384615384615384	14	11	26
positional38,20,52,10,83	0.53125	34	30	64
positional45,22,56,0,80	0.5238095238095238	22	19	42
positional45,22,56,0,80	0.5238095238095238	22	19	42
positional45,22,56,0,80	0.5238095238095238	22	19	42
positional35,23,50,9,81	0.5227272727272727	23	21	44
positional35,23,50,9,81	0.5217391304347826	24	20	46
positional30,21,63,12,96	0.5131578947368421	39	34	76
positional38,20,52,10,83	0.5	43	40	86
positional30,21,63,12,96	0.35714285714285715	5	8	14
positional35,23,50,9,81	0.3333333333333333	4	8	12
positional41,32,56,14,80-18-stable0.85	0.2734375	35	87	128
positional45,22,56,0,80-17-corners	0.25	9	27	36
positional38,20,52,10,83-23-greedy	0.23958333333333334	23	70	96
positional38,20,52,10,83-23-greedy	0.23958333333333334	23	70	96
positional38,20,52,10,83-23-greedy	0.23958333333333334	23	70	96
positional38,20,52,10,83-5-stable0.41	0.2375	19	59	80
positional38,20,52,10,83-5-stable0.41	0.2375	19	59	80
positional38,20,52,10,83-5-stable0.41	0.2375	19	59	80
positional38,20,52,10,83-5-stable0.41	0.2375	19	59	80
stable0.12	0.23684210526315788	36	112	152
stable0.12	0.23684210526315788	36	112	152
stable0.12	0.23684210526315788	36	112	152
positional35,23,50,9,81-10-stable0.47	0.22839506172839505	37	119	162
positional35,23,50,9,81-10-stable0.47	0.22839506172839505	37	119	162
positional35,23,50,9,81-10-stable0.47	0.22839506172839505	37	119	162
positional35,23,50,9,81-10-stable0.47	0.22839506172839505	37	119	162
corners	0.2222222222222222	4	14	18
positional53,33,67,11,96-8-stable0.98	0.2222222222222222	4	13	18
