positional45,22,56,0,80-0-stable0.47	NaN	0	0	0
positional52,23,67,7,85	NaN	0	0	0
positional41,32,56,14,80	0.6857142857142857	48	21	70
positional44,21,57,3,98	0.6851851851851852	37	17	54
positional46,25,66,11,94-22-positional52,28,70,8,83	0.6764705882352942	23	10	34
positional52,23,67,7,85	0.668918918918919	99	46	148
positional54,31,63,9,82-15-positional36,18,76,4,80	0.6666666666666666	44	20	66
positional54,31,63,9,82-15-positional36,18,76,4,80	0.6666666666666666	44	20	66
positional54,31,63,9,82-15-positional36,18,76,4,80	0.6666666666666666	44	20	66
positional44,21,57,3,98	0.6388888888888888	23	12	36
corners-22-positional33,32,61,14,88	0.6111111111111112	11	7	18
positional54,31,63,9,82	0.6111111111111112	11	7	18
positional46,25,66,11,94	0.6111111111111112	11	6	18
positional52,23,67,7,85	0.5984251968503937	152	95	254
positional45,22,56,0,80	0.5869565217391305	54	36	92
positional46,25,66,11,94	0.5823529411764706	198	134	340
positional46,25,66,11,94	0.5823529411764706	198	134	340
positional54,31,63,9,82	0.5757575757575758	76	51	132
positional44,21,57,3,98	0.5576923076923077	29	23	52
positional46,25,66,11,94	0.5571428571428572	39	29	70
positional52,23,67,7,85	0.5428571428571428	38	30	70
positional52,23,67,7,85	0.5365853658536586	44	37	82
positional52,23,67,7,85	0.5365853658536586	44	37	82
positional44,21,57,3,98-0-stable0.98	0.5277777777777778	19	15	36
positional52,23,67,7,85	0.5147058823529411	35	29	68
positional49,20,76,11,85	0.5	66	58	132
positional49,20,76,11,85	0.5	66	58	132
positional46,25,66,11,94	0.5	41	37	82
positional51,19,68,5,97	0.5	9	9	18
positional52,23,67,7,85	0.48484848484848486	32	32	66
positional52,23,67,7,85	0.48484848484848486	32	32	66
positional46,25,66,11,94-11-positional34,25,66,3,99	0.4807692307692308	25	27	52
positional53,18,68,13,91	0.4632352941176471	63	63	136
positional53,18,68,13,91	0.4632352941176471	63	63	136
mobility0.18	0.4444444444444444	8	9	18
positional31,20,74,2,97-5-greedy	0.38235294117647056	13	20	34
corners	0.3	15	34	50
greedy-22-stable0.79	0.29310344827586204	34	79	116
greedy-22-stable0.79	0.29310344827586204	34	79	116
greedy-22-stable0.79	0.29310344827586204	34	79	116
greedy-22-stable0.79	0.29310344827586204	34	79	116
positional44,21,57,3,98-23-greedy	0.28061224489795916	55	136	196
positional44,21,57,3,98-23-greedy	0.28061224489795916	55	136	196
positional44,21,57,3,98-23-greedy	0.28061224489795916	55	136	196
stable0.12	0.2777777777777778	15	37	54
positional44,21,57,3,98-5-stable0.41	0.2692307692307692	49	129	182
positional44,21,57,3,98-5-stable0.41	0.2692307692307692	49	129	182
positional45,22,56,0,80-17-corners	0.25925925925925924	14	40	54
positional52,23,67,7,85-17-corners	0.24242424242424243	16	50	66
positional44,21,57,3,98-13-corners	0.23529411764705882	8	24	34
positional53,33,67,11,96-8-stable0.98	0.23076923076923078	12	39	52
corners	0.2222222222222222	4	14	18
positional52,23,67,7,85-10-stable0.47	0.21875	42	142	192
stable0.12	0.21428571428571427	54	192	252
corners	0.21153846153846154	22	81	104
positional44,21,57,3,98-5-stable0.41	0.20588235294117646	7	25	34
positional44,21,57,3,98-22-stable0.80	0.19444444444444445	7	28	36
positional52,23,67,7,85-15-greedy	0.16666666666666666	3	14	18
stable0.32	0.16666666666666666	5	24	30
positional52,23,67,7,85-15-greedy	0.16666666666666666	3	14	18
