positional41,32,56,14,80-22-stable0.80	NaN	0	0	0
positional46,25,66,11,94-18-positional33,34,67,7,89	NaN	0	0	0
positional31,20,74,2,97-5-greedy	NaN	0	0	0
positional54,31,63,9,82	NaN	0	0	0
positional39,22,52,12,93	0.7058823529411765	24	10	34
positional30,29,57,4,92-20-positional52,19,70,0,98	0.7	35	15	50
positional30,29,57,4,92-15-positional36,18,76,4,80	0.7	21	9	30
positional30,29,57,4,92	0.69	69	28	100
positional30,29,57,4,92	0.69	69	28	100
positional30,29,57,4,92	0.69	69	28	100
positional46,25,66,11,94	0.6666666666666666	32	15	48
positional46,25,66,11,94-22-positional52,28,70,8,83	0.65625	42	20	64
positional46,25,66,11,94	0.65625	21	11	32
positional46,25,66,11,94-22-positional52,28,70,8,83	0.65625	42	20	64
positional52,23,67,7,85	0.6521739130434783	60	30	92
positional52,23,67,7,85	0.6463414634146342	159	81	246
positional52,23,67,7,85	0.6463414634146342	159	81	246
positional30,29,57,4,92	0.6022727272727273	53	29	88
positional30,29,57,4,92	0.5897435897435898	46	26	78
positional52,23,67,7,85	0.58	29	20	50
positional54,31,63,9,82-6-positional43,16,52,12,81	0.58	29	20	50
positional52,23,67,7,85	0.5606060606060606	74	52	132
positional52,23,67,7,85	0.5606060606060606	74	52	132
corners-15-positional36,18,76,4,80	0.5555555555555556	20	14	36
mobility0.18-0-positional36,18,76,4,80	0.53125	34	28	64
positional30,29,57,4,92	0.5161290322580645	32	29	62
positional40,30,55,12,91	0.5	17	16	34
corners	0.4375	7	9	16
positional30,29,57,4,92-10-mobility0.39	0.4375	21	25	48
positional30,29,57,4,92-10-mobility0.39	0.4375	21	25	48
positional54,31,63,9,82-12-mobility0.66	0.3882978723404255	73	107	188
positional54,31,63,9,82-12-mobility0.66	0.3882978723404255	73	107	188
positional54,31,63,9,82-12-mobility0.66	0.3882978723404255	73	107	188
positional54,31,63,9,82-12-mobility0.66	0.3882978723404255	73	107	188
positional54,31,63,9,82-12-mobility0.66	0.3882978723404255	73	107	188
mobility0.18	0.3769230769230769	49	79	130
stable0.50	0.3541666666666667	34	61	96
stable0.50	0.3541666666666667	34	61	96
stable0.50	0.3541666666666667	34	61	96
stable0.50	0.3541666666666667	34	61	96
corners	0.3108108108108108	23	48	74
corners	0.30851063829787234	29	65	94
corners	0.30851063829787234	29	65	94
corners	0.30851063829787234	29	65	94
positional57,16,73,6,86-10-stable0.91	0.2903225806451613	18	44	62
positional57,16,73,6,86-10-stable0.91	0.2903225806451613	18	44	62
positional57,16,73,6,86-10-stable0.91	0.2903225806451613	18	44	62
positional57,16,73,6,86-10-stable0.91	0.2903225806451613	18	44	62
positional52,23,67,7,85-15-greedy	0.2894736842105263	22	54	76
positional52,23,67,7,85-15-greedy	0.28846153846153844	15	36	52
positional30,29,57,4,92-13-corners	0.2857142857142857	28	66	98
positional31,20,74,2,97-5-corners	0.28	14	34	50
greedy-22-stable0.79	0.273972602739726	40	103	146
greedy-22-stable0.79	0.273972602739726	40	103	146
corners	0.2625	42	115	160
corners	0.2625	42	115	160
greedy	0.26	13	36	50
stable0.32	0.25806451612903225	32	90	124
positional30,29,57,4,92-22-stable0.80	0.22794117647058823	31	100	136
positional30,29,57,4,92-22-stable0.80	0.22794117647058823	31	100	136
