corners	NaN	0	0	0
positional57,17,73,5,91-19-mobility0.81	NaN	0	0	0
positional57,17,73,5,91-19-mobility0.81	NaN	0	0	0
positional57,17,73,5,91-19-mobility0.81	NaN	0	0	0
corners	NaN	0	0	0
positional57,17,73,5,91-19-mobility0.81	NaN	0	0	0
corners	NaN	0	0	0
positional57,17,73,5,91-19-mobility0.81	NaN	0	0	0
positional36,27,78,7,88-5-mobility0.41	NaN	0	0	0
corners	NaN	0	0	0
positional46,25,66,11,94-22-positional59,16,70,14,90	NaN	0	0	0
positional57,17,73,5,91-19-mobility0.81	NaN	0	0	0
positional46,25,66,11,94	0.6538461538461539	51	23	78
positional46,25,66,11,94	0.6538461538461539	51	23	78
positional52,23,67,7,85	0.6385135135135135	189	99	296
positional52,23,67,7,85	0.6119402985074627	82	49	134
positional42,32,59,11,85	0.6086956521739131	28	16	46
positional42,32,59,11,85-10-positional54,21,73,8,90	0.6	30	18	50
positional54,31,63,9,82	0.5975609756097561	49	31	82
positional57,17,73,5,91	0.5961538461538461	62	35	104
positional57,17,73,5,91-15-positional36,18,76,4,80	0.5918367346938775	58	38	98
positional57,17,73,5,91-15-positional36,18,76,4,80	0.5918367346938775	58	38	98
positional46,25,66,11,94	0.5903614457831325	98	65	166
positional46,25,66,11,94	0.5903614457831325	98	65	166
positional46,25,66,11,94	0.5903614457831325	98	65	166
positional54,31,63,9,82	0.5833333333333334	21	15	36
positional52,23,67,7,85	0.5795454545454546	51	33	88
positional46,25,66,11,94-18-positional33,34,67,7,89	0.5775862068965517	67	47	116
positional39,22,52,12,93-5-positional46,30,72,1,94	0.5769230769230769	30	18	52
positional39,22,52,12,93-5-positional46,30,72,1,94	0.5769230769230769	30	18	52
positional57,17,73,5,91	0.5707547169811321	121	82	212
positional57,17,73,5,91	0.5707547169811321	121	82	212
positional39,22,52,12,93	0.5652173913043478	26	17	46
positional54,31,63,9,82-6-positional43,16,52,12,81	0.5612244897959183	55	40	98
positional57,17,73,5,91	0.546875	35	28	64
positional57,17,73,5,91	0.5416666666666666	26	21	48
positional59,27,78,6,91	0.54	27	19	50
positional46,25,66,11,94-15-positional36,18,76,4,80	0.54	27	21	50
positional57,17,73,5,91	0.5245901639344263	64	52	122
positional57,17,73,5,91	0.52	26	22	50
positional57,17,73,5,91	0.5147058823529411	35	32	68
positional57,17,73,5,91	0.48	24	25	50
positional42,32,59,11,85-20-positional54,21,73,8,90	0.4444444444444444	8	9	18
positional46,25,66,11,94-22-positional54,21,73,8,90	0.4423076923076923	23	26	52
positional36,27,78,7,88-5-greedy	0.42857142857142855	6	8	14
mobility0.18-0-positional36,18,76,4,80	0.37719298245614036	43	66	114
positional54,31,63,9,82-12-mobility0.66	0.35517241379310344	103	177	290
positional57,17,73,5,91-10-mobility0.39	0.3469387755102041	34	62	98
corners	0.3235294117647059	11	23	34
stable0.50-10-mobility0.39	0.2916666666666667	14	33	48
positional39,22,52,12,93-12-mobility0.66	0.2682926829268293	22	57	82
stable0.50	0.2517482517482518	72	207	286
stable0.50	0.2517482517482518	72	207	286
stable0.50	0.2517482517482518	72	207	286
stable0.50	0.2517482517482518	72	207	286
positional42,32,59,11,85-10-stable0.91	0.21634615384615385	45	161	208
positional42,32,59,11,85-10-stable0.91	0.21634615384615385	45	161	208
positional42,32,59,11,85-10-stable0.91	0.21634615384615385	45	161	208
mobility0.18	0.17307692307692307	9	41	52
positional57,17,73,5,91-15-stable0.90	0.16666666666666666	3	15	18
