positional37,25,51,10,95-11-greedy	NaN	0	0	0
mobility0.92	NaN	0	0	0
mobility0.92	NaN	0	0	0
positional42,32,59,11,85	0.875	14	2	16
positional57,17,73,5,91-20-positional40,23,74,10,85	0.7307692307692307	57	21	78
positional57,17,73,5,91	0.7	21	9	30
positional57,17,73,5,91-20-positional40,23,74,10,85	0.6764705882352942	23	11	34
positional55,25,61,4,87	0.625	10	6	16
positional42,32,59,11,85-10-positional54,21,73,8,90	0.6176470588235294	84	47	136
positional57,17,73,5,91	0.6142857142857143	43	27	70
positional55,25,61,4,87-5-positional46,30,72,1,94	0.6111111111111112	11	6	18
positional42,32,59,11,85-20-positional54,21,73,8,90	0.6065573770491803	74	40	122
positional42,32,59,11,85-20-positional54,21,73,8,90	0.6065573770491803	74	40	122
positional55,25,61,4,87	0.6	102	63	170
positional46,25,66,11,94	0.5966666666666667	179	111	300
positional46,25,66,11,94	0.5966666666666667	179	111	300
positional46,25,66,11,94	0.5966666666666667	179	111	300
positional39,22,52,12,93	0.5952380952380952	50	30	84
positional39,22,52,12,93	0.5952380952380952	50	30	84
positional39,22,52,12,93	0.5952380952380952	50	30	84
positional46,25,66,11,94	0.5869565217391305	108	72	184
positional39,22,52,12,93	0.5833333333333334	28	18	48
positional57,17,73,5,91	0.5833333333333334	21	14	36
positional57,17,73,5,91	0.58	29	20	50
greedy-22-positional56,30,75,10,95	0.5588235294117647	19	12	34
greedy-22-positional56,30,75,10,95	0.5588235294117647	19	12	34
greedy-22-positional56,30,75,10,95	0.5588235294117647	19	12	34
positional57,17,73,5,91	0.5454545454545454	36	28	66
positional46,25,66,11,94	0.5192307692307693	27	24	52
positional46,25,66,11,94-5-mobility0.41	0.46774193548387094	29	32	62
positional46,25,66,11,94-18-corners	0.4375	7	9	16
positional46,25,66,11,94	0.4117647058823529	14	16	34
corners-22-corners	0.38095238095238093	32	51	84
positional36,27,78,7,88-5-mobility0.41	0.37037037037037035	20	32	54
greedy	0.3125	5	10	16
positional57,17,73,5,91-6-greedy	0.29411764705882354	30	68	102
positional57,17,73,5,91-6-greedy	0.29411764705882354	30	68	102
corners	0.27	54	144	200
corners	0.27	54	144	200
corners	0.27	54	144	200
corners	0.27	54	144	200
corners	0.27	54	144	200
corners	0.27	54	144	200
positional57,17,73,5,91-15-stable0.90	0.26744186046511625	23	61	86
positional57,17,73,5,91-15-stable0.90	0.26744186046511625	23	61	86
corners	0.2672413793103448	31	85	116
corners	0.2672413793103448	31	85	116
positional45,33,76,14,87-5-corners	0.24468085106382978	23	67	94
positional45,33,76,14,87-5-corners	0.24468085106382978	23	67	94
positional57,17,73,5,91-19-mobility0.81	0.24285714285714285	68	204	280
positional57,17,73,5,91-19-mobility0.81	0.24285714285714285	68	204	280
positional57,17,73,5,91-19-mobility0.81	0.24285714285714285	68	204	280
positional57,17,73,5,91-19-mobility0.81	0.24285714285714285	68	204	280
positional57,17,73,5,91-19-mobility0.81	0.24285714285714285	68	204	280
positional57,17,73,5,91-19-mobility0.81	0.24285714285714285	68	204	280
positional57,17,73,5,91-19-mobility0.81	0.24285714285714285	68	204	280
positional57,17,73,5,91-19-mobility0.81	0.24285714285714285	68	204	280
greedy-15-mobility0.99	0.2391304347826087	11	33	46
corners	0.21551724137931033	25	86	116
corners	0.125	2	14	16
