positional38,32,60,11,86	0.6190476190476191	234	134	378
positional38,32,60,11,86	0.6190476190476191	234	134	378
positional38,32,60,11,86	0.6190476190476191	234	134	378
positional38,32,60,11,86	0.605	121	73	200
positional38,32,60,11,86	0.5989583333333334	115	72	192
positional58,34,52,3,92	0.588957055214724	192	127	326
positional58,34,52,3,92	0.588957055214724	192	127	326
positional58,34,52,3,92	0.588957055214724	192	127	326
positional45,31,77,2,82	0.5865384615384616	61	41	104
positional34,32,63,13,94	0.572289156626506	95	65	166
positional48,21,56,13,86	0.5714285714285714	264	184	462
positional45,31,77,2,82	0.569620253164557	90	61	158
positional45,31,77,2,82-8-positional49,33,55,10,96	0.5673076923076923	59	42	104
positional48,22,56,9,94	0.562992125984252	286	206	508
positional48,22,56,9,94	0.562992125984252	286	206	508
positional45,31,77,2,82	0.55	77	59	140
positional58,34,52,3,92	0.5483870967741935	170	124	310
positional45,31,77,2,82-8-positional49,33,55,10,96	0.5474683544303798	173	132	316
positional45,31,77,2,82-8-positional49,33,55,10,96	0.5474683544303798	173	132	316
positional45,31,77,2,82	0.5426829268292683	89	67	164
positional45,31,77,2,82	0.5416666666666666	130	104	240
positional38,32,60,11,86	0.5416666666666666	78	62	144
positional34,32,63,13,94	0.5392156862745098	165	132	306
positional34,32,63,13,94	0.5392156862745098	165	132	306
positional45,31,77,2,82	0.5388127853881278	236	190	438
positional45,31,77,2,82	0.5388127853881278	236	190	438
positional45,31,77,2,82	0.5388127853881278	236	190	438
positional58,34,52,3,92	0.5372807017543859	245	199	456
positional58,34,52,3,92	0.5372807017543859	245	199	456
positional45,31,77,2,82	0.5368098159509203	175	138	326
positional45,31,77,2,82	0.5368098159509203	175	138	326
positional38,32,60,11,86	0.5352941176470588	91	76	170
positional38,32,60,11,86	0.5335968379446641	270	218	506
positional38,32,60,11,86	0.5335968379446641	270	218	506
positional38,32,60,11,86	0.5335968379446641	270	218	506
positional38,32,60,11,86	0.532967032967033	97	82	182
positional58,34,52,3,92	0.5212765957446809	98	82	188
positional48,22,56,9,94	0.5198412698412699	131	113	252
positional45,31,77,2,82	0.5189873417721519	82	71	158
positional45,31,77,2,82	0.5147058823529411	70	61	136
positional38,32,60,11,86	0.5131578947368421	78	68	152
positional58,34,52,3,92	0.5073529411764706	69	58	136
positional58,34,52,3,92	0.5059523809523809	170	156	336
positional58,34,52,3,92	0.5059523809523809	170	156	336
positional58,34,52,3,92	0.5034722222222222	145	135	288
positional58,34,52,3,92	0.49074074074074076	53	52	108
positional45,31,77,2,82	0.48672566371681414	110	110	226
positional38,32,60,11,86	0.43023255813953487	37	48	86
positional45,31,77,2,82-8-stable0.98	0.24786324786324787	58	174	234
mobility0.15	0.24580335731414868	205	612	834
mobility0.15	0.24580335731414868	205	612	834
mobility0.15	0.24580335731414868	205	612	834
mobility0.15	0.24580335731414868	205	612	834
mobility0.15	0.24580335731414868	205	612	834
mobility0.15	0.24580335731414868	205	612	834
mobility0.15	0.24580335731414868	205	612	834
stable0.89	0.23076923076923078	42	139	182
positional48,21,56,13,86-5-corners	0.22151898734177214	35	116	158
mobility0.73-5-corners	0.19230769230769232	45	179	234
positional38,32,60,11,86-10-stable0.30	0.16279069767441862	28	138	172
