greedy-21-positional60,24,69,34,72	NaN	0	0	0
stable0.68-9-positional55,33,75,27,86	NaN	0	0	0
positional53,48,57,19,78-24-greedy	NaN	0	0	0
positional43,40,60,4,96	NaN	0	0	0
mobility0.24	NaN	0	0	0
mobility0.70-11-mobility0.91	NaN	0	0	0
mobility0.31-6-greedy	NaN	0	0	0
positional60,39,69,0,72	NaN	0	0	0
positional53,21,54,33,84	NaN	0	0	0
stable0.29	NaN	0	0	0
mobility0.33-16-greedy	NaN	0	0	0
positional55,49,75,6,84-6-mobility0.15	NaN	0	0	0
positional49,23,62,30,78	NaN	0	0	0
positional42,25,67,2,72	0.8333333333333334	20	3	24
corners-8-positional64,42,68,2,76	0.775	31	7	40
greedy-19-positional51,40,68,27,93	0.75	36	10	48
positional60,39,69,0,72	0.75	12	4	16
positional42,25,67,2,72	0.6964285714285714	39	16	56
positional42,25,67,2,72	0.675	27	12	40
stable0.89-24-positional64,42,68,2,76	0.6666666666666666	32	14	48
mobility0.48	0.625	5	3	8
positional42,25,67,2,72	0.5625	9	7	16
mobility0.03	0.5416666666666666	13	11	24
positional57,37,63,31,91-13-stable0.24	0.5	8	8	16
corners-0-stable0.15	0.5	12	10	24
positional49,23,62,30,78	0.475	19	20	40
mobility0.41	0.4583333333333333	22	25	48
mobility0.24	0.4375	14	16	32
mobility0.20-16-mobility0.10	0.4375	7	8	16
greedy	0.4375	7	9	16
mobility0.41-0-positional59,25,54,7,86	0.4166666666666667	10	14	24
stable0.77	0.40625	13	18	32
mobility0.03	0.390625	25	37	64
stable0.15-6-stable0.19	0.390625	25	37	64
greedy	0.3888888888888889	28	39	72
positional52,21,70,19,95-20-greedy	0.375	9	14	24
positional57,26,77,29,74	0.375	18	29	48
greedy-20-greedy	0.375	3	5	8
stable0.35	0.375	9	13	24
mobility0.57-8-stable0.73	0.375	3	5	8
mobility0.31	0.3611111111111111	26	44	72
stable0.32	0.35	14	25	40
stable0.16	0.35	14	26	40
stable1.00-23-corners	0.34375	11	19	32
mobility0.70-16-corners	0.3333333333333333	8	14	24
positional52,22,55,26,94-5-mobility0.97	0.328125	21	42	64
mobility0.83	0.325	13	26	40
stable0.29	0.325	13	25	40
greedy	0.3125	5	10	16
greedy-9-stable0.98	0.3125	5	11	16
stable0.68	0.3125	10	21	32
stable0.16	0.3055555555555556	22	46	72
mobility0.57	0.2708333333333333	13	35	48
corners	0.25	2	5	8
positional57,37,63,31,91-21-mobility0.91	0.25	2	6	8
greedy-8-stable0.73	0.25	4	10	16
mobility0.65-7-stable0.58	0.25	2	6	8
stable1.00	0.25	14	36	56
greedy-8-stable0.73	0.25	12	35	48
greedy	0.21875	7	24	32
