positional61,45,64,33,66-17-greedy	NaN	0	0	0
corners	NaN	0	0	0
positional54,30,70,8,96-7-stable0.35	NaN	0	0	0
greedy	NaN	0	0	0
positional42,24,51,8,89	NaN	0	0	0
positional61,44,54,22,81	NaN	0	0	0
positional61,32,59,31,67	NaN	0	0	0
positional42,24,51,8,89	NaN	0	0	0
positional42,24,51,8,89-6-positional63,49,53,14,82	0.875	28	4	32
positional42,24,51,8,89	0.75	6	1	8
positional42,24,51,8,89-8-positional59,46,74,13,72	0.75	6	2	8
positional38,24,62,21,73	0.75	6	2	8
positional61,44,54,22,81	0.71875	23	9	32
positional61,32,59,31,67	0.7125	57	20	80
positional61,32,59,31,67	0.6875	22	9	32
positional42,24,51,8,89	0.65	26	14	40
positional42,24,51,8,89	0.6428571428571429	36	15	56
corners-14-positional63,49,53,14,82	0.625	15	8	24
positional42,24,51,8,89-0-corners	0.625	25	14	40
positional61,32,59,31,67	0.625	25	14	40
positional42,24,51,8,89-13-positional41,44,77,24,84	0.625	15	7	24
positional42,24,51,8,89-14-positional41,44,77,24,84	0.625	5	3	8
positional42,24,51,8,89-0-positional58,39,61,12,86	0.625	5	2	8
corners-7-positional40,40,75,17,99	0.5833333333333334	14	8	24
mobility0.74-6-positional54,40,65,29,76	0.5625	9	5	16
positional42,24,51,8,89	0.5416666666666666	13	9	24
positional42,24,51,8,89	0.53125	17	14	32
positional61,32,59,31,67	0.5	12	10	24
positional42,24,51,8,89	0.4583333333333333	11	13	24
positional38,24,62,21,73-0-positional63,49,53,14,82	0.4166666666666667	10	13	24
positional61,32,59,31,67	0.375	3	4	8
greedy-10-greedy	0.375	6	9	16
positional42,24,51,8,89-10-mobility0.70	0.375	3	5	8
mobility0.68	0.3541666666666667	17	28	48
corners	0.3333333333333333	8	14	24
positional42,24,51,8,89-10-greedy	0.328125	21	41	64
corners	0.3125	10	21	32
positional61,32,59,31,67-10-mobility0.52	0.3125	10	22	32
greedy	0.3055555555555556	22	46	72
mobility0.59	0.30357142857142855	17	35	56
greedy-10-stable0.19	0.2857142857142857	16	37	56
positional42,24,51,8,89-5-stable0.75	0.28125	9	21	32
corners	0.25	2	6	8
positional42,24,51,8,89-10-corners	0.25	8	23	32
greedy	0.25	10	28	40
greedy-6-stable0.33	0.25	6	16	24
stable0.87	0.25	4	11	16
positional42,24,51,8,89-10-stable0.14	0.25	4	12	16
corners	0.25	12	34	48
mobility0.72	0.25	2	6	8
positional54,30,70,8,96-7-stable0.28	0.21428571428571427	12	43	56
corners-16-stable0.54	0.20833333333333334	5	19	24
positional42,24,51,8,89-10-corners	0.20833333333333334	10	36	48
positional61,32,59,31,67-22-stable0.21	0.20833333333333334	5	17	24
positional61,32,59,31,67-5-mobility0.48	0.1875	6	25	32
corners	0.15625	5	26	32
positional42,24,51,8,89-19-mobility0.59	0.125	2	14	16
positional42,24,51,8,89-6-stable0.07	0.0625	2	27	32
corners-5-mobility0.53	0.0625	1	15	16
corners	0.041666666666666664	1	21	24
