positional52,44,68,13,84	NaN	0	0	0
positional52,44,68,13,84	NaN	0	0	0
positional52,44,68,13,84	NaN	0	0	0
positional52,44,68,13,84	NaN	0	0	0
positional52,44,68,13,84-6-positional48,46,66,12,70	NaN	0	0	0
positional57,46,58,5,89	NaN	0	0	0
positional57,46,58,5,89	1.0	16	0	16
positional64,40,76,29,84	0.7857142857142857	44	10	56
positional64,40,76,29,84	0.75	6	2	8
positional52,44,68,13,84	0.75	6	1	8
positional64,40,76,29,84	0.75	12	4	16
positional52,44,68,13,84	0.7321428571428571	41	14	56
positional52,44,68,13,84	0.7083333333333334	17	7	24
positional52,44,68,13,84	0.7083333333333334	17	7	24
positional64,40,76,29,84	0.625	15	8	24
positional49,37,75,8,95	0.625	5	3	8
positional52,28,72,24,89-22-positional56,47,76,28,71	0.625	15	7	24
positional52,44,68,13,84	0.59375	19	13	32
positional52,44,68,13,84	0.5833333333333334	14	9	24
positional52,44,68,13,84	0.5833333333333334	14	10	24
positional38,24,62,21,73	0.575	23	16	40
positional64,40,76,29,84	0.5625	9	7	16
positional64,40,76,29,84	0.5625	9	6	16
positional64,40,76,29,84-0-positional48,46,66,12,70	0.55	22	17	40
positional52,44,68,13,84	0.55	22	17	40
positional52,44,68,13,84-0-positional40,40,75,17,99	0.525	21	18	40
positional52,44,68,13,84	0.525	21	18	40
positional64,40,76,29,84-0-positional48,46,66,12,70	0.5178571428571429	29	26	56
positional52,44,68,13,84	0.5	16	14	32
positional52,44,68,13,84-10-positional59,46,66,11,65	0.5	4	3	8
positional64,40,76,29,84	0.5	4	4	8
positional52,44,68,13,84	0.5	4	4	8
positional64,40,76,29,84-20-positional59,46,66,11,65	0.5	4	4	8
positional52,44,68,13,84-0-greedy	0.4791666666666667	23	25	48
mobility0.73-11-mobility0.59	0.375	9	15	24
positional61,45,64,33,66-17-positional56,30,75,31,89	0.375	6	9	16
stable0.07-10-mobility0.36	0.375	3	5	8
positional52,44,68,13,84-23-positional36,31,57,33,80	0.375	3	4	8
positional54,30,70,8,96-7-stable0.54	0.325	13	27	40
positional52,44,68,13,84-13-greedy	0.32142857142857145	18	38	56
corners	0.30357142857142855	17	37	56
corners-16-stable0.54	0.30357142857142855	17	39	56
mobility0.74	0.3	24	55	80
mobility0.79	0.2916666666666667	7	17	24
corners	0.2857142857142857	16	37	56
mobility0.68-0-positional58,39,61,12,86	0.28125	9	23	32
mobility0.74-20-greedy	0.28125	9	21	32
positional52,44,68,13,84-22-stable0.05	0.275	11	29	40
corners	0.25	6	17	24
positional52,44,68,13,84-0-mobility0.53	0.25	2	6	8
greedy	0.25	6	17	24
corners	0.25	8	23	32
positional61,45,64,33,66-20-stable0.34	0.25	2	6	8
positional52,44,68,13,84-6-corners	0.22916666666666666	11	37	48
positional52,44,68,13,84-22-stable0.07	0.225	9	31	40
corners	0.1875	3	11	16
greedy	0.15625	5	26	32
positional58,35,76,31,79-13-corners	0.125	3	20	24
mobility0.81	0.125	1	7	8
corners	0.0625	2	29	32
