positional40,49,67,0,72	NaN	0	0	0
stable0.33	NaN	0	0	0
positional63,45,79,26,73	NaN	0	0	0
corners-16-greedy	NaN	0	0	0
stable0.07	NaN	0	0	0
corners	NaN	0	0	0
positional40,49,67,0,72	NaN	0	0	0
positional42,48,75,29,76-17-stable0.45	NaN	0	0	0
positional42,48,75,29,76-11-positional42,39,75,30,79	1.0	8	0	8
positional39,47,72,31,78	0.875	14	1	16
positional42,48,75,29,76-15-positional42,48,54,9,75	0.8125	13	3	16
positional42,48,75,29,76	0.75	6	1	8
positional42,48,75,29,76	0.75	6	2	8
positional42,48,75,29,76-0-positional36,31,57,33,80	0.71875	23	8	32
positional42,48,75,29,76	0.625	5	2	8
positional42,48,75,29,76	0.6	24	15	40
positional42,48,75,29,76	0.575	23	16	40
positional40,49,67,0,72-16-positional37,46,64,30,85	0.5714285714285714	32	23	56
positional40,49,67,0,72	0.5625	27	19	48
positional36,43,73,7,87	0.5625	18	13	32
positional42,48,75,29,76	0.5625	9	6	16
positional42,48,75,29,76	0.5416666666666666	13	11	24
positional38,24,62,21,73	0.5416666666666666	13	9	24
positional52,28,72,24,89	0.5416666666666666	13	11	24
positional42,48,75,29,76	0.5357142857142857	30	25	56
greedy	0.5	12	12	24
positional61,45,64,33,66-9-positional42,48,54,9,75	0.5	12	12	24
positional42,48,75,29,76	0.5	4	4	8
positional40,49,67,0,72-17-positional36,31,57,33,80	0.5	4	4	8
positional40,49,67,0,72	0.5	12	12	24
positional42,48,75,29,76-20-positional59,46,66,11,65	0.5	8	7	16
positional42,48,75,29,76	0.5	8	8	16
positional40,49,67,0,72	0.46875	15	17	32
positional40,49,67,0,72	0.4583333333333333	11	10	24
positional42,48,75,29,76-20-positional59,46,66,11,65	0.45	18	22	40
greedy	0.4375	7	9	16
positional42,48,75,29,76-0-positional48,44,77,30,87	0.4375	14	17	32
positional42,48,75,29,76-0-positional37,46,64,30,85	0.4166666666666667	10	14	24
positional40,49,67,0,72	0.40625	13	17	32
positional58,35,76,31,79	0.40625	13	16	32
positional40,49,67,0,72-17-positional36,31,57,33,80	0.4	16	24	40
positional40,49,67,0,72-16-mobility0.73	0.375	6	10	16
positional42,48,75,29,76	0.375	6	10	16
positional42,48,75,29,76	0.375	3	4	8
stable0.18	0.3333333333333333	8	16	24
stable0.07	0.28125	9	23	32
mobility0.73	0.2708333333333333	13	28	48
positional42,48,75,29,76-14-stable0.94	0.25	2	5	8
positional61,45,64,33,66-20-positional56,47,76,28,71	0.25	4	11	16
stable0.69	0.25	2	5	8
positional57,46,58,5,89-22-corners	0.225	9	30	40
corners-0-positional59,46,66,11,65	0.20833333333333334	20	72	96
positional42,48,75,29,76-7-stable0.54	0.19642857142857142	11	43	56
positional63,45,79,26,73-8-greedy	0.1875	3	13	16
positional42,48,75,29,76-6-stable0.72	0.1875	9	37	48
positional61,45,64,33,66-6-corners	0.15625	5	27	32
corners-16-corners	0.125	4	26	32
positional42,48,75,29,76-22-mobility0.90	0.125	1	7	8
mobility0.81	0.125	4	25	32
positional44,27,53,31,80-8-greedy	0.08333333333333333	2	22	24
