positional48,37,71,0,86-19-stable0.08	NaN	0	0	0
positional49,37,56,19,66	NaN	0	0	0
positional48,37,71,0,86-7-corners	NaN	0	0	0
positional49,37,56,19,66	NaN	0	0	0
positional49,37,56,19,66-21-corners	NaN	0	0	0
positional38,24,62,21,73	0.875	7	1	8
positional49,37,56,19,66	0.8333333333333334	20	4	24
corners-16-positional37,46,64,30,85	0.8125	26	5	32
positional48,37,71,0,86	0.75	6	2	8
positional39,47,72,31,78	0.6875	11	5	16
positional49,37,56,19,66	0.6666666666666666	16	6	24
positional49,37,56,19,66-0-stable0.45	0.6666666666666666	16	8	24
positional61,45,64,33,66	0.6458333333333334	31	16	48
positional49,37,56,19,66	0.625	10	6	16
positional39,47,72,31,78	0.625	5	3	8
positional49,37,56,19,66	0.625	5	3	8
stable0.77-22-positional49,28,76,27,88	0.625	25	13	40
positional48,37,71,0,86	0.59375	19	13	32
positional41,41,75,0,86	0.59375	19	13	32
positional57,46,58,5,89	0.5892857142857143	33	22	56
positional49,37,56,19,66	0.5833333333333334	14	8	24
positional48,37,71,0,86-9-positional53,40,51,11,94	0.5833333333333334	14	10	24
stable0.03-8-positional40,35,73,5,68	0.5833333333333334	14	10	24
positional57,46,58,5,89	0.546875	35	27	64
positional49,37,56,19,66	0.5416666666666666	13	11	24
positional57,46,58,5,89	0.515625	33	31	64
positional49,37,56,19,66-6-positional49,28,76,27,88	0.5	20	18	40
positional49,37,56,19,66	0.5	8	8	16
positional41,41,75,0,86	0.5	28	28	56
positional39,47,72,31,78	0.5	8	7	16
positional49,37,56,19,66	0.5	4	4	8
positional49,37,56,19,66-20-positional59,46,66,11,65	0.5	12	12	24
positional41,41,75,0,86-15-positional53,40,51,11,94	0.4791666666666667	23	21	48
positional57,46,58,5,89-22-positional48,47,51,10,89	0.4583333333333333	11	13	24
positional48,37,71,0,86	0.4431818181818182	39	46	88
positional48,37,71,0,86	0.4375	7	9	16
positional48,37,71,0,86	0.4375	7	8	16
positional49,37,56,19,66-15-positional53,40,51,11,94	0.425	17	22	40
positional49,37,56,19,66	0.425	17	23	40
positional49,37,56,19,66-21-greedy	0.375	3	5	8
positional48,37,71,0,86-16-positional37,46,64,30,85	0.375	6	10	16
positional49,37,56,19,66-17-mobility0.06	0.3125	5	10	16
greedy-0-positional53,40,51,11,94	0.30357142857142855	17	38	56
positional49,37,56,19,66-5-greedy	0.296875	19	45	64
greedy	0.2916666666666667	7	16	24
stable0.18	0.28125	9	22	32
mobility0.81	0.25	8	24	32
positional49,37,56,19,66-7-corners	0.25	2	6	8
positional49,37,56,19,66-23-corners	0.25	6	17	24
positional48,37,71,0,86-10-mobility0.05	0.225	9	31	40
stable0.33	0.21875	14	49	64
corners-22-mobility0.94	0.20833333333333334	5	19	24
corners	0.2	8	32	40
positional41,41,75,0,86-8-greedy	0.1875	6	26	32
mobility0.94-15-mobility0.75	0.1875	3	13	16
positional48,37,71,0,86-7-greedy	0.15625	5	25	32
greedy	0.15625	5	27	32
positional49,37,56,19,66-6-greedy	0.0	0	16	16
greedy	0.0	0	8	8
positional49,37,56,19,66-14-stable0.27	0.0	0	8	8
