positional61,36,74,3,94	NaN	0	0	0
positional57,28,79,27,95-14-mobility0.30	NaN	0	0	0
positional43,35,73,7,85	NaN	0	0	0
positional61,36,74,3,94	NaN	0	0	0
mobility0.95	NaN	0	0	0
positional64,29,61,33,69	NaN	0	0	0
positional57,28,79,27,95-10-positional51,39,74,16,77	NaN	0	0	0
corners	NaN	0	0	0
positional57,28,79,27,95	0.875	7	1	8
positional39,47,72,31,78-0-positional48,47,51,10,89	0.7916666666666666	19	4	24
positional57,28,79,27,95	0.75	12	4	16
positional61,36,74,3,94	0.75	6	2	8
positional39,47,72,31,78	0.6875	11	5	16
positional41,41,75,0,86	0.65	26	12	40
positional61,36,74,3,94-16-positional37,46,64,30,85	0.65	26	12	40
positional61,36,74,3,94-0-positional48,47,51,10,89	0.6375	51	24	80
positional57,28,79,27,95	0.625	10	5	16
positional57,28,79,27,95	0.625	5	3	8
positional57,28,79,27,95	0.625	10	6	16
positional57,28,79,27,95-21-positional49,28,76,27,88	0.625	15	8	24
positional57,28,79,27,95	0.625	25	12	40
positional57,28,79,27,95	0.5625	18	11	32
positional57,28,79,27,95	0.5625	18	13	32
positional57,28,79,27,95-20-positional40,22,52,23,77	0.5416666666666666	13	11	24
positional57,28,79,27,95	0.525	21	17	40
positional64,29,61,33,69-23-stable0.11	0.5	4	4	8
positional64,29,61,33,69	0.5	24	24	48
mobility0.68	0.5	8	7	16
positional64,29,61,33,69	0.5	16	15	32
positional57,28,79,27,95-23-positional63,20,59,23,90	0.5	8	8	16
positional57,28,79,27,95	0.46875	15	16	32
greedy	0.4375	7	9	16
positional57,46,58,5,89-17-mobility0.06	0.4166666666666667	10	14	24
positional57,46,58,5,89	0.40625	13	18	32
positional64,29,61,33,69	0.4	16	21	40
positional57,28,79,27,95	0.375	3	4	8
positional57,28,79,27,95	0.375	3	4	8
stable0.62	0.375	6	10	16
positional57,28,79,27,95	0.375	3	5	8
stable0.77	0.375	9	14	24
positional39,47,72,31,78-21-corners	0.35	14	25	40
positional57,28,79,27,95-16-mobility0.95	0.34375	11	21	32
greedy	0.3333333333333333	16	29	48
greedy-0-positional48,47,51,10,89	0.3333333333333333	8	15	24
positional41,41,75,0,86-12-corners	0.3333333333333333	16	32	48
corners	0.328125	21	41	64
mobility0.94	0.325	13	26	40
positional57,28,79,27,95-5-greedy	0.32142857142857145	18	35	56
corners	0.2916666666666667	7	15	24
corners	0.28125	9	22	32
stable0.77	0.25	6	17	24
positional64,29,61,33,69-7-stable0.25	0.25	6	18	24
positional57,46,58,5,89-22-corners	0.25	10	30	40
corners	0.25	16	47	64
stable0.84	0.25	4	12	16
corners	0.25	6	18	24
stable0.03	0.23076923076923078	24	80	104
greedy	0.20833333333333334	10	37	48
positional55,24,59,12,87-17-greedy	0.1875	3	13	16
positional38,24,62,21,73-0-corners	0.125	1	7	8
