positional48,32,53,29,92	NaN	0	0	0
mobility0.01	NaN	0	0	0
positional48,32,53,29,92-7-corners	NaN	0	0	0
positional64,24,54,19,90	NaN	0	0	0
corners-23-corners	NaN	0	0	0
positional38,21,64,30,73	NaN	0	0	0
mobility0.39	NaN	0	0	0
greedy-11-positional57,47,71,28,87	NaN	0	0	0
positional48,32,53,29,92-6-positional36,37,52,7,96	NaN	0	0	0
positional48,32,53,29,92	0.8125	13	3	16
positional48,32,53,29,92	0.75	24	7	32
positional48,32,53,29,92	0.75	6	2	8
positional38,21,64,30,73-22-positional53,40,51,11,94	0.7083333333333334	17	7	24
positional38,21,64,30,73-11-positional42,36,74,9,85	0.6875	11	4	16
positional48,32,53,29,92	0.6875	22	10	32
mobility0.02	0.625	5	3	8
positional48,32,53,29,92	0.625	5	3	8
positional38,21,64,30,73	0.6041666666666666	29	18	48
positional48,32,53,29,92	0.6	24	15	40
positional48,32,53,29,92	0.6	24	15	40
positional48,32,53,29,92	0.6	24	15	40
positional48,32,53,29,92	0.5892857142857143	33	18	56
positional38,21,64,30,73-19-positional42,36,74,9,85	0.575	23	15	40
positional38,21,64,30,73-19-positional42,36,74,9,85	0.5625	18	14	32
positional48,32,53,29,92	0.525	21	16	40
positional48,32,53,29,92-21-positional57,47,71,28,87	0.5	4	4	8
positional48,32,53,29,92	0.5	4	4	8
positional48,32,53,29,92	0.5	4	4	8
positional38,40,55,14,95	0.5	8	8	16
positional38,21,64,30,73-16-positional61,23,69,34,79	0.5	8	8	16
positional38,21,64,30,73	0.4791666666666667	23	24	48
positional48,32,53,29,92-0-greedy	0.4375	7	9	16
positional48,32,53,29,92-16-mobility0.30	0.4166666666666667	10	13	24
positional48,32,53,29,92	0.4166666666666667	10	12	24
mobility0.36-13-mobility0.29	0.4166666666666667	10	14	24
greedy	0.375	3	4	8
positional48,32,53,29,92-13-greedy	0.375	12	18	32
positional48,32,53,29,92	0.375	3	4	8
stable0.40	0.375	18	30	48
positional48,32,53,29,92-23-greedy	0.375	3	5	8
positional48,32,53,29,92	0.375	12	20	32
greedy	0.34375	11	19	32
positional60,27,62,32,67-21-stable0.23	0.328125	21	42	64
mobility0.54	0.3125	15	32	48
positional48,32,53,29,92-9-mobility0.18	0.3	12	26	40
positional48,32,53,29,92-12-corners	0.2916666666666667	7	14	24
positional48,32,53,29,92-10-corners	0.26785714285714285	15	39	56
corners-9-greedy	0.265625	17	45	64
greedy-19-greedy	0.25	2	6	8
positional48,32,53,29,92-17-mobility0.33	0.25	6	17	24
greedy-13-greedy	0.25	8	22	32
mobility0.30-18-mobility0.73	0.25	4	11	16
greedy-11-mobility0.80	0.22916666666666666	11	37	48
stable0.13-14-corners	0.225	9	30	40
positional38,21,64,30,73-18-corners	0.21875	14	50	64
positional38,40,55,14,95-13-mobility0.97	0.20833333333333334	5	19	24
positional38,21,64,30,73-5-stable0.23	0.16666666666666666	4	20	24
positional48,32,53,29,92-20-stable0.13	0.125	2	14	16
positional38,21,64,30,73-21-stable0.15	0.125	2	14	16
positional48,32,53,29,92-22-greedy	0.125	2	14	16
