stable0.54	NaN	0	0	0
positional36,38,70,33,73-19-greedy	NaN	0	0	0
corners-15-mobility0.05	NaN	0	0	0
positional36,38,70,33,73-14-positional37,39,78,18,87	NaN	0	0	0
positional36,38,70,33,73-8-positional47,41,59,0,72	NaN	0	0	0
positional41,45,51,15,83	NaN	0	0	0
positional54,43,75,25,86	NaN	0	0	0
stable0.44-9-stable0.74	NaN	0	0	0
positional38,21,64,30,73	NaN	0	0	0
positional36,38,70,33,73	0.875	7	1	8
positional64,24,54,19,90	0.8125	13	3	16
positional36,38,70,33,73	0.8	32	8	40
positional38,40,55,14,95	0.75	36	11	48
positional36,38,70,33,73-19-positional42,36,74,9,85	0.7083333333333334	17	6	24
positional49,30,70,21,95	0.6875	11	5	16
positional36,38,70,33,73-14-positional57,46,57,1,98	0.6666666666666666	16	7	24
positional36,38,70,33,73	0.625	5	3	8
positional38,21,64,30,73	0.625	5	3	8
positional36,38,70,33,73	0.625	5	3	8
mobility0.30	0.625	5	3	8
positional36,38,70,33,73	0.625	15	7	24
positional36,38,70,33,73-6-positional36,37,52,7,96	0.625	30	15	48
positional36,38,70,33,73	0.6	24	14	40
positional38,21,64,30,73	0.5625	9	7	16
positional35,37,76,7,95	0.5625	27	20	48
positional36,38,70,33,73	0.5625	9	7	16
positional36,38,70,33,73	0.5208333333333334	25	18	48
positional38,21,64,30,73	0.4625	37	43	80
mobility0.36-0-positional42,36,74,9,85	0.45	18	21	40
positional36,38,70,33,73-17-mobility0.33	0.4375	14	17	32
mobility0.36-0-greedy	0.4375	14	15	32
mobility0.30	0.40625	13	19	32
positional38,21,64,30,73	0.390625	25	36	64
greedy	0.375	6	9	16
stable0.40	0.375	9	15	24
mobility0.06-11-greedy	0.375	6	10	16
mobility0.02	0.375	6	10	16
corners-10-greedy	0.375	6	10	16
mobility0.34	0.375	3	5	8
positional38,21,64,30,73	0.3392857142857143	19	31	56
mobility0.02	0.3392857142857143	19	35	56
positional36,38,70,33,73-16-positional61,23,69,34,79	0.325	13	26	40
greedy-0-positional42,36,74,9,85	0.3125	15	32	48
positional38,21,64,30,73-13-greedy	0.2916666666666667	7	17	24
corners	0.28125	9	22	32
greedy	0.28125	9	20	32
positional38,21,64,30,73-18-mobility0.80	0.275	11	27	40
positional38,21,64,30,73-7-corners	0.265625	17	47	64
positional36,38,70,33,73-9-mobility0.67	0.25	6	17	24
greedy	0.25	20	58	80
positional35,37,76,7,95-15-mobility0.88	0.25	6	17	24
positional36,38,70,33,73-18-stable0.02	0.25	6	18	24
positional36,38,70,33,73-7-greedy	0.25	2	6	8
mobility0.30	0.23214285714285715	13	41	56
positional64,24,54,19,90-17-greedy	0.20833333333333334	5	19	24
corners-0-greedy	0.2	8	31	40
corners	0.1875	6	24	32
positional38,21,64,30,73	0.125	1	7	8
positional36,38,70,33,73-24-stable0.58	0.125	1	7	8
positional36,38,70,33,73-22-greedy	0.125	1	7	8
