positional41,38,77,24,81-20-greedy	NaN	0	0	0
positional41,38,77,24,81-9-stable0.58	NaN	0	0	0
positional41,38,77,24,81-22-positional51,40,54,24,96	NaN	0	0	0
positional41,38,77,24,81	NaN	0	0	0
positional41,38,77,24,81	NaN	0	0	0
positional41,38,77,24,81	NaN	0	0	0
positional41,38,77,24,81-24-positional40,31,67,25,89	NaN	0	0	0
positional50,24,65,9,77	NaN	0	0	0
positional41,43,62,3,82	NaN	0	0	0
positional41,38,77,24,81	0.75	36	12	48
positional38,40,55,14,95	0.75	6	2	8
positional41,38,77,24,81	0.75	18	6	24
positional50,36,75,6,94	0.75	6	2	8
stable0.80-13-positional51,23,76,21,67	0.7083333333333334	17	7	24
positional41,38,77,24,81-0-mobility0.97	0.65625	21	11	32
positional41,38,77,24,81	0.625	5	3	8
positional41,38,77,24,81	0.625	10	5	16
positional64,24,54,19,90	0.625	5	3	8
positional41,38,77,24,81	0.625	5	3	8
positional41,38,77,24,81	0.5833333333333334	14	8	24
positional38,40,55,14,95	0.546875	35	28	64
positional41,38,77,24,81	0.5416666666666666	26	19	48
positional41,38,77,24,81	0.5416666666666666	13	8	24
positional41,38,77,24,81-23-mobility0.70	0.5416666666666666	13	11	24
positional41,38,77,24,81	0.5357142857142857	30	24	56
positional38,40,55,14,95	0.525	21	18	40
positional41,38,77,24,81	0.5	20	16	40
positional41,38,77,24,81	0.5	4	4	8
positional41,38,77,24,81	0.5	4	4	8
positional38,40,55,14,95	0.5	16	16	32
positional41,38,77,24,81-11-positional41,21,79,0,97	0.5	16	15	32
positional41,38,77,24,81-22-positional39,31,52,6,87	0.5	12	11	24
positional41,38,77,24,81	0.46875	15	17	32
positional41,38,77,24,81	0.46875	30	32	64
positional41,38,77,24,81	0.4583333333333333	11	11	24
positional41,38,77,24,81	0.375	3	5	8
positional41,38,77,24,81-23-stable0.60	0.375	12	20	32
positional53,43,76,1,76	0.375	6	7	16
positional38,21,64,30,73	0.375	12	20	32
positional38,40,55,14,95-21-mobility0.57	0.375	3	5	8
positional38,21,64,30,73	0.3541666666666667	17	29	48
positional38,21,64,30,73	0.34375	11	20	32
positional41,38,77,24,81-23-mobility0.08	0.34375	11	21	32
positional41,38,77,24,81-23-greedy	0.325	13	25	40
mobility0.31	0.3125	5	10	16
corners	0.2916666666666667	14	32	48
positional38,21,64,30,73	0.25	14	42	56
positional41,38,77,24,81-18-stable0.15	0.25	4	12	16
positional41,38,77,24,81-7-greedy	0.25	14	41	56
positional41,38,77,24,81-19-corners	0.25	4	11	16
corners	0.2	8	31	40
stable0.44	0.2	8	28	40
positional64,24,54,19,90-15-mobility0.88	0.1875	9	36	48
positional47,32,52,17,98-9-corners	0.1875	3	12	16
stable0.50	0.15625	5	26	32
positional41,38,77,24,81-15-greedy	0.15625	5	24	32
positional41,38,77,24,81-10-greedy	0.14583333333333334	7	40	48
positional41,38,77,24,81-15-stable0.84	0.125	3	19	24
positional41,38,77,24,81-17-corners	0.08333333333333333	2	22	24
positional41,38,77,24,81-9-mobility0.67	0.0625	1	13	16
