stable0.46-12-positional52,29,56,1,65	NaN	0	0	0
positional57,28,64,24,66-8-mobility0.61	NaN	0	0	0
mobility0.24-13-mobility0.14	NaN	0	0	0
positional55,24,73,12,89	NaN	0	0	0
greedy-0-positional51,40,68,27,93	NaN	0	0	0
positional55,35,59,26,82	NaN	0	0	0
positional56,49,59,15,87	NaN	0	0	0
positional51,23,57,20,69-24-greedy	NaN	0	0	0
mobility0.78-17-stable0.50	NaN	0	0	0
positional56,49,59,15,87	NaN	0	0	0
positional48,29,58,5,89	NaN	0	0	0
stable0.15	NaN	0	0	0
positional35,22,72,16,80	0.875	21	3	24
positional56,49,59,15,87-0-positional52,29,56,1,65	0.8333333333333334	20	4	24
positional50,37,72,18,95-10-positional44,46,65,5,92	0.8333333333333334	20	4	24
positional48,29,58,5,89	0.7916666666666666	19	5	24
positional35,22,72,16,80-22-positional58,31,73,2,98	0.7916666666666666	19	5	24
positional48,29,58,5,89-0-greedy	0.71875	23	9	32
positional48,29,58,5,89-0-greedy	0.7083333333333334	34	12	48
greedy-20-positional52,29,56,1,65	0.6875	44	19	64
positional52,21,70,19,95-20-positional52,29,56,1,65	0.6875	22	9	32
mobility0.49-20-positional52,29,56,1,65	0.65	26	12	40
positional50,37,72,18,95	0.6	24	13	40
positional61,25,63,32,86	0.5625	9	6	16
positional61,25,63,32,86-0-positional51,40,68,27,93	0.5	16	16	32
corners-8-stable0.50	0.4	16	24	40
stable0.35	0.375	3	5	8
greedy	0.375	18	30	48
mobility0.12	0.375	9	14	24
positional50,37,72,18,95-6-stable0.19	0.375	6	10	16
positional60,41,66,12,92-11-greedy	0.375	9	14	24
greedy-11-mobility0.70	0.375	3	4	8
mobility0.03	0.375	3	5	8
corners	0.35714285714285715	20	36	56
mobility0.24-0-stable0.98	0.3541666666666667	17	28	48
greedy	0.35	14	26	40
positional56,49,59,15,87-23-greedy	0.35	14	24	40
greedy-11-mobility0.73	0.3333333333333333	8	16	24
greedy	0.3194444444444444	23	46	72
corners	0.3125	10	20	32
corners-18-greedy	0.3125	5	10	16
positional50,37,72,18,95-13-corners	0.3125	5	10	16
corners	0.3125	5	10	16
corners-11-stable0.85	0.3125	5	11	16
mobility0.60	0.3125	10	20	32
positional53,48,57,19,78-6-mobility0.15	0.3125	5	11	16
positional61,25,63,32,86-9-corners	0.3125	5	10	16
mobility0.69	0.30357142857142855	17	38	56
greedy-15-mobility0.91	0.2916666666666667	7	17	24
greedy	0.2916666666666667	7	15	24
corners	0.28125	9	21	32
corners	0.275	11	29	40
positional61,25,63,32,86-14-stable0.55	0.25	2	6	8
stable0.29-0-positional44,46,65,5,92	0.25	4	10	16
stable0.68	0.25	6	16	24
stable0.68	0.225	9	29	40
greedy	0.21875	7	23	32
mobility0.20-16-stable0.58	0.20833333333333334	5	19	24
corners	0.1875	6	26	32
mobility0.65	0.16666666666666666	4	19	24
