positional43,22,60,23,74-15-greedy	NaN	0	0	0
positional53,43,73,18,72	NaN	0	0	0
positional43,22,60,23,74	NaN	0	0	0
positional58,47,74,21,85	NaN	0	0	0
positional53,43,73,18,72-19-positional57,40,50,3,72	NaN	0	0	0
mobility0.66-20-positional64,35,57,24,72	NaN	0	0	0
positional55,33,75,32,68-11-greedy	NaN	0	0	0
mobility0.58	NaN	0	0	0
positional53,43,73,18,72	NaN	0	0	0
positional53,43,73,18,72	NaN	0	0	0
positional53,43,73,18,72-24-corners	NaN	0	0	0
positional53,43,73,18,72-14-positional35,40,68,5,79	NaN	0	0	0
positional55,33,67,3,77	0.875	14	2	16
positional53,43,73,18,72-10-positional44,31,72,3,75	0.875	7	1	8
positional53,43,73,18,72	0.8125	26	6	32
positional53,43,73,18,72	0.775	31	8	40
positional55,33,75,32,68	0.75	6	2	8
positional53,43,73,18,72-13-positional51,23,76,21,67	0.75	6	2	8
positional53,43,73,18,72	0.75	18	6	24
positional53,43,73,18,72	0.6875	11	5	16
positional53,43,73,18,72	0.625	20	11	32
positional53,43,73,18,72	0.625	35	19	56
positional53,43,73,18,72	0.6071428571428571	34	21	56
positional53,43,73,18,72-17-positional39,31,52,6,87	0.6	24	16	40
positional53,43,76,1,76	0.5892857142857143	33	21	56
positional53,43,73,18,72	0.5892857142857143	33	22	56
positional58,47,74,21,85	0.5833333333333334	14	10	24
positional53,43,73,18,72-0-positional39,31,52,6,87	0.5833333333333334	14	10	24
greedy-14-positional61,20,75,10,78	0.5625	18	12	32
positional43,22,60,23,74	0.5416666666666666	13	9	24
positional43,22,60,23,74-0-greedy	0.5416666666666666	13	10	24
positional53,43,73,18,72	0.5	16	14	32
positional53,43,73,18,72-9-mobility0.38	0.5	8	8	16
positional53,43,73,18,72	0.5	4	4	8
positional55,33,75,32,68-0-positional51,23,76,21,67	0.5	12	12	24
positional43,22,60,23,74-13-positional51,23,76,21,67	0.4625	37	38	80
positional53,43,73,18,72	0.4375	7	9	16
positional53,43,73,18,72	0.4166666666666667	10	14	24
positional53,43,73,18,72-15-mobility0.82	0.40625	13	17	32
positional53,43,73,18,72	0.375	6	10	16
positional53,43,73,18,72	0.375	6	10	16
positional53,43,73,18,72-17-greedy	0.375	3	4	8
positional38,21,64,30,73	0.35	14	25	40
positional53,43,73,18,72-22-positional44,20,62,27,65	0.34375	11	20	32
stable0.32-7-stable0.78	0.3333333333333333	8	14	24
positional53,43,73,18,72-23-mobility0.08	0.32142857142857145	18	37	56
stable0.50	0.2916666666666667	14	33	48
positional53,43,73,18,72-23-stable0.60	0.2777777777777778	20	48	72
positional43,22,60,23,74	0.25	2	6	8
positional43,22,60,23,74	0.25	2	6	8
positional53,43,73,18,72-15-stable0.84	0.25	10	29	40
positional55,42,71,7,70-17-mobility0.71	0.25	6	17	24
positional53,43,73,18,72-5-corners	0.25	2	6	8
positional53,43,73,18,72-18-stable0.15	0.225	9	31	40
positional58,47,74,21,85-9-corners	0.16071428571428573	9	47	56
positional53,43,73,18,72-19-stable0.08	0.14583333333333334	7	40	48
positional53,43,73,18,72-6-corners	0.14583333333333334	7	40	48
corners	0.125	2	13	16
mobility0.06	0.125	7	49	56
positional53,43,73,18,72-23-greedy	0.125	1	6	8
