corners-17-positional54,30,56,12,78	NaN	0	0	0
positional53,43,76,1,76	NaN	0	0	0
positional51,44,57,29,88-12-mobility0.93	NaN	0	0	0
stable0.79-13-positional63,47,59,13,78	NaN	0	0	0
positional45,28,71,33,92-19-greedy	NaN	0	0	0
positional58,47,74,21,85	1.0	8	0	8
positional50,38,51,8,82	0.875	7	1	8
positional53,43,76,1,76	0.8125	26	6	32
positional55,33,67,3,77	0.8125	13	3	16
positional45,28,71,33,92-16-greedy	0.75	6	2	8
positional51,44,57,29,88	0.75	6	2	8
positional51,44,57,29,88-14-positional39,44,69,33,75	0.75	6	2	8
positional45,28,71,33,92-17-positional36,28,65,1,82	0.75	12	4	16
stable0.31-22-positional36,36,63,32,94	0.6875	22	9	32
positional58,47,74,21,85	0.6666666666666666	16	5	24
positional58,47,74,21,85	0.625	5	3	8
positional45,28,71,33,92	0.625	5	3	8
stable0.32-7-positional51,23,76,21,67	0.5833333333333334	28	20	48
positional45,28,71,33,92	0.5625	18	14	32
positional45,28,71,33,92	0.5625	18	14	32
positional45,28,71,33,92	0.55	22	18	40
positional45,28,71,33,92	0.5416666666666666	13	11	24
positional51,44,57,29,88-0-positional54,30,56,12,78	0.5416666666666666	13	9	24
positional55,33,67,3,77	0.5416666666666666	13	11	24
positional55,33,75,32,68	0.53125	17	15	32
positional45,28,71,33,92	0.5	4	4	8
positional45,28,71,33,92	0.5	12	12	24
positional45,28,71,33,92	0.5	12	12	24
positional45,28,71,33,92	0.45	18	22	40
positional45,28,71,33,92	0.44642857142857145	25	30	56
positional45,28,71,33,92-22-positional44,20,62,27,65	0.4375	28	36	64
positional45,28,71,33,92-21-mobility0.10	0.4375	7	9	16
positional51,44,57,29,88-14-corners	0.4375	7	9	16
positional45,28,71,33,92	0.40625	13	19	32
positional45,28,71,33,92	0.3958333333333333	19	26	48
positional55,42,71,7,70-13-corners	0.375	3	5	8
positional45,28,71,33,92	0.375	3	5	8
positional35,40,71,12,79-18-greedy	0.375	6	10	16
corners	0.375	6	10	16
positional45,28,71,33,92-22-positional44,20,62,27,65	0.375	12	20	32
greedy	0.375	6	9	16
positional45,28,71,33,92	0.375	3	4	8
positional45,28,71,33,92-5-greedy	0.375	3	5	8
positional45,28,71,33,92	0.375	6	9	16
positional45,28,71,33,92	0.35714285714285715	20	35	56
positional45,28,71,33,92-19-mobility0.38	0.34375	11	21	32
stable0.41	0.3125	5	11	16
positional45,28,71,33,92-10-stable0.33	0.3125	15	33	48
positional45,28,71,33,92-17-greedy	0.3	12	28	40
positional45,28,71,33,92-6-corners	0.2916666666666667	7	16	24
positional45,28,71,33,92-15-mobility0.82	0.2916666666666667	21	49	72
greedy	0.2916666666666667	7	14	24
positional53,43,76,1,76-17-greedy	0.275	11	28	40
positional45,28,71,33,92-6-corners	0.25	14	42	56
corners	0.25	4	12	16
positional45,28,71,33,92-13-mobility0.57	0.25	2	6	8
greedy	0.25	2	6	8
positional45,28,71,33,92-19-greedy	0.21875	7	24	32
positional51,44,57,29,88-11-greedy	0.2	8	31	40
stable0.07-6-corners	0.125	2	14	16
