positional54,26,51,9,87-7-greedy	NaN	0	0	0
positional43,41,79,31,66-0-positional63,47,59,13,78	NaN	0	0	0
positional54,26,51,9,87-6-greedy	NaN	0	0	0
positional60,43,52,34,92-24-corners	NaN	0	0	0
positional60,43,52,34,92-16-mobility0.61	NaN	0	0	0
positional62,32,79,32,66-12-greedy	NaN	0	0	0
stable0.31-22-stable0.19	NaN	0	0	0
greedy-18-corners	NaN	0	0	0
positional43,35,78,32,97	NaN	0	0	0
positional50,38,51,8,82	NaN	0	0	0
positional62,32,79,32,66	NaN	0	0	0
positional43,41,79,31,66-14-positional39,44,69,33,75	0.8214285714285714	46	7	56
positional53,25,76,25,94-17-positional61,34,76,22,86	0.8125	13	3	16
positional62,32,79,32,66	0.75	6	1	8
positional55,33,67,3,77	0.75	12	4	16
stable0.31-23-greedy	0.75	6	2	8
positional43,41,79,31,66	0.75	24	8	32
positional62,32,79,32,66	0.725	29	11	40
positional55,33,67,3,77	0.6666666666666666	16	7	24
positional43,41,79,31,66-0-greedy	0.625	15	9	24
stable0.87-11-mobility0.49	0.625	5	2	8
positional51,44,57,29,88	0.625	5	2	8
positional51,44,57,29,88	0.625	10	5	16
positional51,44,57,29,88	0.6	24	14	40
positional62,32,79,32,66	0.5625	9	7	16
positional43,41,79,31,66	0.53125	17	14	32
positional60,43,52,34,92	0.5	4	4	8
corners-15-positional52,32,75,18,81	0.5	8	7	16
positional43,41,79,31,66-18-greedy	0.4375	21	27	48
positional62,32,79,32,66	0.4375	14	16	32
positional60,43,52,34,92	0.425	17	23	40
positional62,32,79,32,66	0.375	18	29	48
stable0.31	0.375	6	10	16
stable0.32-10-positional63,47,59,13,78	0.375	9	14	24
stable0.31	0.375	3	5	8
positional51,44,57,29,88-14-stable0.82	0.375	15	24	40
positional62,32,79,32,66	0.375	9	13	24
positional51,44,57,29,88-22-positional44,20,62,27,65	0.375	12	20	32
greedy	0.35	14	24	40
corners	0.34375	11	20	32
mobility0.66	0.34375	11	21	32
positional62,32,79,32,66	0.3333333333333333	16	31	48
positional62,32,79,32,66-6-corners	0.3333333333333333	8	15	24
greedy	0.3333333333333333	8	15	24
stable0.08-13-mobility0.90	0.3333333333333333	16	31	48
stable0.79	0.32142857142857145	18	35	56
positional54,26,51,9,87-16-greedy	0.3	12	28	40
positional62,32,79,32,66-5-corners	0.2916666666666667	21	50	72
positional43,41,79,31,66-20-corners	0.2916666666666667	7	16	24
positional62,32,79,32,66-7-greedy	0.28125	9	23	32
positional62,32,79,32,66-10-stable0.58	0.28125	9	22	32
positional52,45,79,26,92-7-greedy	0.25	4	11	16
positional62,32,79,32,66-12-corners	0.25	2	6	8
stable0.31	0.25	12	35	48
stable0.31	0.25	4	12	16
positional51,44,57,29,88-16-greedy	0.25	8	24	32
positional62,32,79,32,66-19-stable0.33	0.2159090909090909	19	65	88
stable0.32	0.21428571428571427	12	44	56
positional62,32,79,32,66-22-stable0.09	0.125	1	7	8
positional43,41,79,31,66-5-mobility0.38	0.125	1	7	8
