positional58,35,51,21,90-12-greedy	NaN	0	0	0
positional61,34,53,33,80	NaN	0	0	0
positional58,35,51,21,90	NaN	0	0	0
positional47,31,58,29,72-15-positional42,26,77,29,97	NaN	0	0	0
positional50,34,53,3,73	NaN	0	0	0
positional58,35,51,21,90	NaN	0	0	0
positional58,43,54,5,94	NaN	0	0	0
positional42,30,79,5,81	NaN	0	0	0
positional42,30,79,5,81-7-corners	NaN	0	0	0
stable0.82-10-corners	NaN	0	0	0
positional42,30,79,5,81-20-positional51,34,55,9,89	NaN	0	0	0
positional61,34,53,33,80-24-stable0.52	NaN	0	0	0
positional56,41,53,11,65	0.8125	13	3	16
positional50,34,53,3,73-22-positional37,40,67,32,75	0.7708333333333334	37	10	48
greedy-11-positional36,26,65,31,87	0.75	18	6	24
positional58,43,54,5,94	0.75	18	6	24
positional42,30,79,5,81	0.75	6	2	8
positional58,43,54,5,94-0-positional36,26,65,31,87	0.75	24	7	32
positional56,41,53,11,65-7-positional61,42,66,25,77	0.71875	23	8	32
positional56,41,53,11,65	0.6875	11	4	16
positional54,33,75,0,85	0.59375	19	11	32
positional56,41,53,11,65-14-positional64,31,56,25,74	0.5892857142857143	33	21	56
positional50,34,53,3,73	0.5625	18	13	32
positional61,34,53,33,80	0.5416666666666666	13	10	24
positional50,34,53,3,73	0.5416666666666666	13	11	24
positional42,30,79,5,81-0-greedy	0.5416666666666666	13	10	24
positional42,30,79,5,81	0.5416666666666666	13	9	24
positional50,34,53,3,73-16-mobility0.61	0.53125	17	14	32
positional58,35,51,21,90-14-positional36,26,65,31,87	0.515625	33	29	64
positional42,30,79,5,81	0.5	16	14	32
positional42,30,79,5,81-0-greedy	0.5	4	3	8
positional50,34,53,3,73	0.5	8	8	16
positional56,41,53,11,65-14-mobility0.47	0.4375	7	8	16
mobility0.80	0.4375	14	18	32
positional50,34,53,3,73-17-positional36,26,65,31,87	0.4375	7	7	16
positional50,38,51,8,82	0.4375	7	7	16
corners	0.4166666666666667	20	25	48
positional50,34,53,3,73-0-positional51,23,76,21,67	0.4	16	22	40
positional50,34,53,3,73	0.3958333333333333	19	26	48
positional50,34,53,3,73	0.375	12	18	32
positional50,34,53,3,73	0.3541666666666667	17	28	48
stable0.31-23-corners	0.3541666666666667	17	31	48
positional58,35,51,21,90-11-greedy	0.3392857142857143	19	36	56
corners	0.3125	5	9	16
positional56,41,53,11,65-14-stable0.82	0.3125	5	11	16
stable0.31	0.3	12	28	40
positional58,43,54,5,94-11-mobility0.49	0.2857142857142857	16	40	56
corners	0.28125	9	23	32
greedy	0.26785714285714285	15	36	56
positional58,35,51,21,90-12-stable0.58	0.25	12	36	48
positional42,30,79,5,81-14-mobility0.90	0.25	6	17	24
stable0.31	0.25	20	55	80
greedy-7-mobility0.93	0.25	10	28	40
positional58,35,51,21,90-16-greedy	0.22916666666666666	11	35	48
positional42,30,79,5,81-14-stable0.82	0.21875	7	24	32
mobility0.99-20-greedy	0.21875	7	25	32
positional42,30,79,5,81-14-corners	0.21875	7	24	32
positional50,34,53,3,73-7-greedy	0.1875	9	37	48
mobility0.66	0.16666666666666666	4	19	24
positional50,34,53,3,73	0.125	1	7	8
