corners-12-positional50,24,53,8,84	NaN	0	0	0
stable0.12	NaN	0	0	0
positional64,44,71,17,78-7-stable0.48	NaN	0	0	0
positional64,44,71,17,78-7-stable0.69	NaN	0	0	0
stable0.64-6-mobility0.89	NaN	0	0	0
greedy	NaN	0	0	0
positional52,39,62,24,99-16-positional54,28,64,10,91	NaN	0	0	0
mobility0.01-22-positional42,42,53,34,76	0.75	12	4	16
positional58,35,51,21,90	0.75	6	2	8
positional64,44,71,17,78	0.75	6	2	8
positional64,44,71,17,78	0.75	18	5	24
positional58,35,51,21,90	0.7142857142857143	40	16	56
positional50,44,66,32,78-22-positional51,23,76,21,67	0.7	28	11	40
positional40,48,58,19,87-0-mobility0.93	0.65	26	13	40
positional42,26,75,27,90	0.625	5	3	8
positional61,34,53,33,80-22-positional37,40,67,32,75	0.625	15	9	24
positional50,44,66,32,78	0.625	10	6	16
positional64,44,71,17,78	0.625	10	6	16
positional64,44,71,17,78	0.6041666666666666	29	18	48
positional44,31,79,31,94-7-positional51,23,76,21,67	0.6	24	13	40
positional44,31,79,31,94-14-positional42,42,53,34,76	0.6	48	31	80
positional58,35,51,21,90-12-positional42,42,53,34,76	0.5625	27	20	48
positional64,44,71,17,78	0.55	22	17	40
positional58,35,51,21,90	0.5416666666666666	13	10	24
positional61,34,53,33,80-0-positional42,42,53,34,76	0.525	21	17	40
positional58,35,51,21,90	0.5208333333333334	25	21	48
mobility0.06	0.5208333333333334	25	22	48
positional44,31,79,31,94	0.5	20	20	40
positional64,44,71,17,78	0.5	12	12	24
positional44,31,79,31,94-24-positional39,42,76,2,84	0.5	8	8	16
positional44,31,79,31,94	0.5	24	21	48
positional50,44,66,32,78	0.5	16	15	32
positional64,44,71,17,78	0.475	19	19	40
positional44,31,79,31,94-7-positional42,42,53,34,76	0.475	19	21	40
positional44,31,79,31,94-7-positional51,23,76,21,67	0.45	18	21	40
positional50,44,66,32,78	0.4375	7	9	16
positional40,48,58,19,87	0.4166666666666667	10	13	24
positional44,31,79,31,94	0.375	3	4	8
positional54,33,75,0,85-11-positional36,26,65,31,87	0.375	9	13	24
positional40,48,58,19,87-14-positional36,26,65,31,87	0.3541666666666667	17	31	48
positional44,31,79,31,94-20-mobility0.47	0.34375	11	20	32
positional50,44,66,32,78-15-positional42,26,77,29,97	0.3125	20	43	64
positional61,34,53,33,80-24-positional36,26,65,31,87	0.3	12	25	40
corners	0.2916666666666667	7	16	24
positional40,48,58,19,87-14-corners	0.25	4	11	16
greedy	0.25	6	17	24
positional50,44,66,32,78-15-positional42,26,77,29,97	0.25	2	6	8
greedy	0.25	4	11	16
corners	0.21875	7	25	32
positional58,35,51,21,90-17-corners	0.20833333333333334	5	19	24
greedy	0.2	8	32	40
positional50,44,66,32,78-17-greedy	0.2	8	32	40
stable0.79-14-corners	0.1875	6	25	32
corners-6-stable0.12	0.175	7	33	40
stable0.82	0.16666666666666666	8	35	48
positional64,44,71,17,78-21-stable0.92	0.16666666666666666	4	20	24
positional58,35,51,21,90-15-positional36,26,65,31,87	0.1527777777777778	11	56	72
positional47,31,58,29,72-15-stable0.52	0.125	1	7	8
positional49,23,63,9,88-18-greedy	0.0	0	6	8
positional40,48,58,19,87-6-corners	0.0	0	8	8
