positional45,44,65,10,92	NaN	0	0	0
positional45,44,65,10,92-13-greedy	NaN	0	0	0
positional45,31,53,4,99	NaN	0	0	0
mobility0.34-22-positional44,39,60,12,93	NaN	0	0	0
positional42,47,64,9,66	NaN	0	0	0
positional45,31,53,4,99-22-positional35,44,70,0,81	NaN	0	0	0
positional35,36,55,26,67-12-mobility0.14	NaN	0	0	0
positional45,31,53,4,99-18-stable0.37	NaN	0	0	0
positional35,36,55,26,67	0.875	7	1	8
positional42,47,64,9,66	0.7916666666666666	19	5	24
positional42,47,64,9,66	0.75	6	2	8
positional45,31,53,4,99	0.6875	11	3	16
positional45,31,53,4,99	0.6666666666666666	16	8	24
positional42,47,64,9,66	0.625	15	8	24
positional44,31,79,31,94-0-mobility0.93	0.625	15	9	24
positional43,44,79,30,71	0.625	5	3	8
positional35,36,55,26,67	0.625	15	9	24
positional35,36,55,26,67	0.625	5	3	8
positional45,44,65,10,92	0.625	5	3	8
positional35,36,55,26,67	0.5833333333333334	14	9	24
positional45,44,65,10,92-0-positional38,21,78,8,86	0.5625	9	5	16
corners-7-positional51,23,76,21,67	0.5625	18	14	32
positional45,44,65,10,92	0.5	16	15	32
positional45,31,53,4,99-19-positional55,22,55,4,94	0.5	4	3	8
positional44,31,79,31,94-0-positional35,44,70,0,81	0.48214285714285715	27	27	56
positional35,36,55,26,67-7-positional54,21,51,32,77	0.4791666666666667	23	22	48
positional45,31,53,4,99	0.46875	15	15	32
positional45,44,65,10,92-12-mobility0.83	0.4375	7	8	16
positional44,31,79,31,94	0.425	17	23	40
positional44,31,79,31,94-0-mobility0.93	0.375	12	20	32
positional54,34,57,4,96-10-greedy	0.375	15	25	40
positional42,47,64,9,66-24-mobility0.58	0.375	3	5	8
positional45,44,65,10,92-10-corners	0.375	6	10	16
positional42,47,64,9,66-20-mobility0.40	0.375	3	5	8
positional54,34,57,4,96	0.375	6	9	16
positional49,23,63,9,88-14-corners	0.34375	11	21	32
positional42,47,64,9,66-6-stable0.12	0.3392857142857143	19	35	56
positional35,36,55,26,67-7-mobility0.38	0.3333333333333333	8	14	24
mobility0.01-0-mobility0.93	0.325	13	27	40
mobility0.46-22-mobility0.43	0.3125	10	22	32
positional44,31,79,31,94-0-positional58,47,62,14,77	0.2916666666666667	7	16	24
positional54,34,57,4,96-7-positional39,32,65,34,75	0.2916666666666667	7	16	24
positional41,31,67,4,66-22-corners	0.25	2	6	8
mobility0.06-0-positional35,44,70,0,81	0.25	8	21	32
stable0.93-7-mobility0.22	0.25	2	5	8
mobility0.60	0.25	8	21	32
positional42,47,64,9,66-24-greedy	0.25	6	18	24
greedy	0.22916666666666666	11	36	48
positional45,44,65,10,92-7-corners	0.21875	7	23	32
greedy	0.21875	7	24	32
mobility0.86-20-corners	0.1875	9	37	48
positional44,31,79,31,94-14-mobility0.89	0.1875	6	26	32
corners	0.16666666666666666	4	18	24
positional44,31,79,31,94-14-stable0.92	0.15625	5	27	32
stable0.79	0.125	2	13	16
mobility0.15	0.125	2	14	16
mobility0.06	0.125	2	14	16
positional44,31,79,31,94-7-stable0.16	0.125	2	14	16
positional45,31,53,4,99-7-corners	0.08333333333333333	2	20	24
mobility0.55-12-corners	0.0	0	8	8
