corners	NaN	0	0	0
positional35,24,70,6,68-13-mobility0.94	NaN	0	0	0
positional55,49,51,3,77-8-greedy	NaN	0	0	0
positional35,24,70,6,68	NaN	0	0	0
positional35,24,70,6,68	NaN	0	0	0
positional41,32,57,21,80	0.875	14	2	16
positional56,35,77,0,83	0.875	7	0	8
positional56,35,77,0,83	0.8333333333333334	20	4	24
positional44,28,66,20,75	0.8125	13	3	16
positional41,40,55,29,96-23-positional46,35,56,33,68	0.75	6	2	8
positional56,35,77,0,83	0.75	24	7	32
positional51,48,74,30,78	0.75	12	3	16
positional55,49,51,3,77	0.75	6	2	8
positional35,24,70,6,68-7-positional51,23,76,21,67	0.75	12	4	16
positional44,28,66,20,75-7-positional49,43,65,22,84	0.625	10	6	16
positional41,32,57,21,80	0.625	10	3	16
positional44,28,66,20,75	0.625	10	5	16
positional35,24,70,6,68	0.625	15	9	24
positional43,44,79,30,71	0.625	15	9	24
positional35,24,70,6,68-14-positional46,35,56,33,68	0.5833333333333334	14	10	24
positional56,35,77,0,83	0.5833333333333334	14	8	24
positional35,24,70,6,68	0.5694444444444444	41	29	72
positional55,49,51,3,77	0.5625	18	13	32
mobility0.45-12-positional49,43,65,22,84	0.5625	9	7	16
positional55,49,51,3,77	0.525	21	18	40
positional56,35,77,0,83	0.5	4	3	8
positional41,31,67,4,66-22-positional46,35,56,33,68	0.5	24	24	48
positional55,49,51,3,77-0-mobility0.40	0.5	8	7	16
positional35,24,70,6,68-7-positional54,21,51,32,77	0.4375	14	15	32
positional35,24,70,6,68	0.4375	7	8	16
positional56,35,77,0,83	0.4375	7	9	16
positional55,49,51,3,77	0.4166666666666667	10	11	24
positional56,35,77,0,83-12-mobility0.14	0.4166666666666667	10	14	24
greedy	0.40625	13	18	32
positional35,24,70,6,68-7-positional54,21,51,32,77	0.4	16	24	40
positional44,28,66,20,75-23-mobility0.75	0.375	6	9	16
positional35,24,70,6,68-20-corners	0.375	6	10	16
positional44,28,66,20,75	0.375	9	14	24
positional56,35,77,0,83-7-corners	0.375	12	18	32
greedy	0.375	3	5	8
positional44,28,66,20,75-19-corners	0.3541666666666667	17	30	48
positional56,35,77,0,83-22-greedy	0.34375	11	19	32
positional55,49,51,3,77-14-stable0.91	0.3333333333333333	8	15	24
stable0.17	0.3125	5	10	16
positional35,24,70,6,68-11-mobility0.81	0.3	12	27	40
stable0.44	0.2916666666666667	7	16	24
positional55,49,51,3,77-22-mobility0.44	0.275	11	28	40
positional54,34,57,4,96-17-mobility0.96	0.2708333333333333	13	34	48
positional56,35,77,0,83-10-corners	0.265625	17	46	64
positional55,47,65,6,95	0.25	2	6	8
positional55,49,51,3,77-7-stable0.10	0.25	6	18	24
corners	0.25	2	6	8
mobility0.79-20-greedy	0.25	2	6	8
stable0.93-12-corners	0.25	10	29	40
corners	0.225	9	29	40
positional54,34,57,4,96-24-mobility0.58	0.2	8	31	40
corners	0.2	8	31	40
positional35,24,70,6,68-19-greedy	0.1875	12	50	64
positional35,24,70,6,68-10-greedy	0.125	3	20	24
positional41,32,57,21,80-7-corners	0.125	5	33	40
