positional45,24,73,28,71-12-stable0.02	NaN	0	0	0
positional59,27,50,6,82-17-corners	NaN	0	0	0
positional45,24,73,28,71	NaN	0	0	0
positional59,27,50,6,82	NaN	0	0	0
positional41,40,55,29,96	NaN	0	0	0
positional59,25,62,23,77	0.875	14	2	16
positional43,44,79,30,71	0.7916666666666666	19	4	24
positional59,27,50,6,82-24-positional41,26,77,13,91	0.75	6	2	8
positional59,25,62,23,77	0.75	12	4	16
positional41,32,57,21,80-0-greedy	0.7083333333333334	17	7	24
positional59,27,50,6,82	0.7083333333333334	17	6	24
positional59,25,62,23,77	0.6875	22	10	32
positional59,27,50,6,82-14-positional41,26,77,13,91	0.625	20	12	32
positional59,25,62,23,77	0.625	5	3	8
positional45,24,73,28,71-14-positional41,26,77,13,91	0.625	20	12	32
positional41,32,57,21,80-0-positional41,26,77,13,91	0.625	30	18	48
positional59,25,62,23,77	0.625	20	10	32
positional45,24,73,28,71	0.625	5	3	8
positional59,27,50,6,82	0.625	5	2	8
positional63,29,77,20,94	0.5833333333333334	14	9	24
positional51,48,74,30,78-0-greedy	0.575	46	31	80
positional59,27,50,6,82-0-stable0.91	0.5625	36	26	64
positional45,24,73,28,71	0.5416666666666666	26	22	48
positional63,29,77,20,94-0-mobility0.40	0.5416666666666666	13	11	24
positional63,29,77,20,94	0.5416666666666666	13	10	24
positional59,25,62,23,77	0.5	4	4	8
positional41,32,57,21,80	0.5	4	4	8
positional51,48,74,30,78	0.5	8	8	16
positional59,27,50,6,82	0.5	16	15	32
positional63,29,77,20,94-12-positional41,26,77,13,91	0.4583333333333333	11	13	24
positional45,24,73,28,71	0.4375	7	8	16
positional45,24,73,28,71-0-greedy	0.4375	7	9	16
positional45,24,73,28,71-0-greedy	0.4375	21	26	48
positional59,27,50,6,82	0.42857142857142855	24	31	56
positional59,27,50,6,82	0.375	3	4	8
positional63,29,77,20,94	0.375	3	5	8
positional59,27,50,6,82	0.375	15	22	40
positional45,24,73,28,71-0-corners	0.375	21	34	56
positional45,24,73,28,71	0.375	9	15	24
positional45,24,73,28,71	0.375	24	39	64
positional45,24,73,28,71	0.3333333333333333	8	16	24
positional59,27,50,6,82-19-greedy	0.3333333333333333	8	14	24
positional59,25,62,23,77	0.3125	5	11	16
positional45,24,73,28,71	0.2916666666666667	7	16	24
positional45,24,73,28,71-0-mobility0.94	0.2708333333333333	13	34	48
positional59,25,62,23,77-12-corners	0.25	6	17	24
corners	0.25	6	18	24
positional38,35,71,10,67-19-mobility0.73	0.25	2	6	8
greedy	0.25	2	5	8
positional45,24,73,28,71-0-positional49,43,65,22,84	0.25	6	18	24
positional45,24,73,28,71	0.25	2	6	8
positional63,29,77,20,94-17-mobility0.96	0.22916666666666666	11	37	48
greedy	0.22916666666666666	11	37	48
positional63,29,77,20,94-7-mobility0.75	0.225	9	31	40
greedy	0.203125	13	49	64
positional59,27,50,6,82-22-greedy	0.1875	9	38	48
mobility0.19-23-mobility0.81	0.1875	3	12	16
positional45,24,73,28,71-7-greedy	0.125	3	20	24
stable0.64-20-positional49,26,74,21,92	0.125	1	6	8
corners-7-positional53,24,60,32,74	0.125	2	14	16
