positional60,45,56,23,79-12-positional36,36,70,20,67	NaN	0	0	0
corners-7-stable0.88	NaN	0	0	0
positional60,45,56,23,79	NaN	0	0	0
positional59,33,58,4,95-12-positional53,35,51,29,77	NaN	0	0	0
positional50,37,61,21,82	NaN	0	0	0
positional38,35,71,10,67	NaN	0	0	0
corners	NaN	0	0	0
mobility0.75-17-mobility0.19	NaN	0	0	0
positional60,45,56,23,79	NaN	0	0	0
stable0.65-17-positional49,43,74,23,88	0.875	7	1	8
positional51,47,65,20,84	0.875	7	0	8
positional60,45,56,23,79-0-greedy	0.8125	13	3	16
positional41,32,57,21,80-0-corners	0.71875	23	8	32
positional60,45,56,23,79-0-positional53,35,51,29,77	0.6875	11	3	16
positional60,45,56,23,79-0-mobility0.73	0.6875	22	9	32
positional50,37,61,21,82-23-positional53,35,51,29,77	0.6666666666666666	16	7	24
positional50,37,61,21,82	0.65	26	14	40
positional60,45,56,23,79-0-mobility0.40	0.6458333333333334	31	16	48
positional60,45,56,23,79	0.625	10	6	16
positional59,33,58,4,95	0.625	10	6	16
positional38,23,76,4,86	0.625	5	3	8
positional63,29,77,20,94	0.625	10	6	16
positional45,24,73,28,71-14-positional53,35,51,29,77	0.625	20	11	32
positional60,45,56,23,79-20-positional45,21,70,13,75	0.625	10	6	16
positional41,40,55,29,96	0.625	10	5	16
positional60,45,56,23,79-0-stable0.91	0.625	25	15	40
positional60,45,56,23,79-5-positional37,44,56,24,77	0.5625	9	5	16
positional50,37,61,21,82	0.53125	17	15	32
positional45,31,54,0,92-7-stable0.55	0.5	8	7	16
positional50,37,61,21,82	0.5	12	11	24
positional59,33,58,4,95	0.5	4	4	8
positional50,37,61,21,82	0.5	4	4	8
positional38,23,76,4,86-0-positional53,35,51,29,77	0.475	19	21	40
positional45,24,73,28,71	0.46875	30	33	64
greedy	0.4375	14	18	32
positional45,24,73,28,71	0.4166666666666667	10	13	24
positional45,24,73,28,71-14-mobility0.73	0.4166666666666667	10	14	24
positional50,37,61,21,82	0.40625	13	18	32
positional50,37,61,21,82	0.40625	13	18	32
positional50,37,61,21,82	0.3958333333333333	19	28	48
positional40,33,70,30,93	0.375	6	8	16
positional41,32,57,21,80	0.375	12	20	32
greedy-21-greedy	0.375	15	22	40
corners	0.3333333333333333	16	29	48
mobility0.96-23-stable0.13	0.3333333333333333	8	14	24
corners-0-greedy	0.325	13	27	40
positional45,24,73,28,71	0.32142857142857145	18	36	56
positional45,24,73,28,71	0.32142857142857145	18	34	56
greedy	0.30357142857142855	17	37	56
mobility0.65	0.25	6	18	24
positional45,24,73,28,71-20-corners	0.25	4	11	16
positional50,37,61,21,82-24-corners	0.25	4	11	16
positional59,33,58,4,95-23-stable0.02	0.25	6	16	24
mobility0.42	0.25	4	12	16
positional45,24,73,28,71	0.25	4	12	16
corners	0.20833333333333334	10	37	48
positional45,24,73,28,71	0.20833333333333334	10	36	48
positional45,24,73,28,71-0-mobility0.73	0.1875	6	23	32
mobility0.71-22-greedy	0.1875	3	13	16
corners	0.18055555555555555	13	57	72
