positional44,41,76,26,88-17-greedy	NaN	0	0	0
greedy	NaN	0	0	0
mobility0.79-20-mobility0.08	NaN	0	0	0
positional38,34,68,13,96	NaN	0	0	0
positional43,49,68,18,89-13-mobility0.37	NaN	0	0	0
positional38,34,68,13,96-8-mobility0.26	NaN	0	0	0
positional38,34,68,13,96	NaN	0	0	0
positional42,23,74,33,84-20-mobility0.22	NaN	0	0	0
positional38,34,68,13,96	0.875	14	2	16
positional46,23,74,1,91	0.875	14	2	16
positional46,23,74,1,91-22-positional45,47,59,9,66	0.875	7	1	8
positional46,23,74,1,91	0.875	21	3	24
positional38,34,68,13,96	0.875	7	1	8
positional46,23,74,1,91-10-positional40,45,67,4,88	0.8125	39	8	48
positional38,34,68,13,96	0.78125	25	5	32
positional38,34,68,13,96-8-positional58,34,55,17,88	0.75	6	1	8
corners-22-positional52,42,69,29,85	0.75	12	4	16
mobility0.79-10-positional58,34,55,17,88	0.7321428571428571	41	14	56
positional38,34,68,13,96-8-positional52,42,69,29,85	0.65625	21	11	32
positional46,23,74,1,91	0.625	5	3	8
positional48,25,78,3,89	0.5416666666666666	26	18	48
positional59,20,73,33,88	0.5	20	20	40
stable0.57-24-mobility0.58	0.5	4	4	8
stable0.35	0.5	4	4	8
mobility0.12	0.44642857142857145	25	30	56
mobility0.49	0.4375	21	26	48
positional61,25,63,32,86-0-positional45,47,59,9,66	0.4375	7	9	16
positional61,25,63,32,86-0-positional58,34,55,17,88	0.425	17	22	40
positional61,25,63,32,86-0-positional58,34,55,17,88	0.4166666666666667	10	14	24
positional42,23,74,33,84-12-positional58,34,55,17,88	0.4107142857142857	23	32	56
mobility0.79-10-stable0.48	0.40625	13	17	32
positional48,25,78,3,89-8-positional58,34,55,17,88	0.375	3	4	8
positional59,20,73,33,88	0.375	6	10	16
greedy	0.375	9	14	24
positional46,23,74,1,91	0.375	6	10	16
stable0.86-9-mobility0.70	0.375	12	20	32
positional42,23,74,33,84	0.375	3	4	8
mobility0.49	0.3645833333333333	35	60	96
positional47,36,65,11,66-6-greedy	0.35	14	25	40
positional59,20,73,33,88-16-greedy	0.34375	11	19	32
greedy	0.3125	10	21	32
greedy	0.3125	5	10	16
mobility0.12-0-stable0.69	0.3125	15	33	48
stable0.64	0.3055555555555556	22	48	72
positional61,25,63,32,86-22-greedy	0.2916666666666667	14	32	48
mobility0.12	0.2916666666666667	7	17	24
positional61,25,63,32,86	0.28125	9	22	32
mobility0.49-8-mobility0.60	0.28125	9	22	32
positional38,34,68,13,96-18-corners	0.25	10	30	40
positional42,23,74,33,84	0.25	6	18	24
positional42,23,74,33,84-0-mobility0.33	0.25	6	18	24
mobility0.60	0.25	6	17	24
positional47,36,65,11,66-18-stable0.40	0.22916666666666666	11	32	48
greedy	0.21875	7	25	32
positional42,23,74,33,84-14-stable0.13	0.1875	3	13	16
stable0.35-0-positional58,34,55,17,88	0.16666666666666666	8	38	48
mobility0.73	0.16666666666666666	4	20	24
greedy	0.125	1	7	8
positional46,23,74,1,91-17-stable0.79	0.125	1	7	8
mobility0.78	0.125	2	14	16
