positional42,49,53,14,96-14-mobility0.71	NaN	0	0	0
positional53,23,68,14,78	NaN	0	0	0
positional42,35,69,4,82-14-stable0.27	NaN	0	0	0
positional53,23,68,14,78	NaN	0	0	0
positional39,26,50,7,93	NaN	0	0	0
positional53,23,68,14,78	NaN	0	0	0
mobility0.95	NaN	0	0	0
positional39,26,50,7,93	NaN	0	0	0
positional53,23,68,14,78	NaN	0	0	0
positional53,23,68,14,78	NaN	0	0	0
greedy-13-positional40,25,77,16,96	NaN	0	0	0
mobility0.19-9-greedy	NaN	0	0	0
positional53,23,68,14,78	NaN	0	0	0
positional39,26,50,7,93	NaN	0	0	0
positional53,23,68,14,78	0.75	6	2	8
positional39,26,50,7,93-8-positional45,38,61,18,92	0.6875	11	3	16
positional39,26,50,7,93-10-positional40,25,77,16,96	0.6666666666666666	16	7	24
positional35,49,65,5,83	0.65625	21	9	32
positional47,36,65,11,66	0.6527777777777778	47	22	72
corners-17-positional40,25,77,16,96	0.625	5	2	8
stable0.86-10-positional58,34,55,17,88	0.625	10	3	16
positional53,23,68,14,78	0.6071428571428571	34	18	56
positional44,41,76,26,88-10-positional40,45,67,4,88	0.5892857142857143	33	21	56
positional39,26,50,7,93	0.5833333333333334	42	28	72
positional39,26,50,7,93	0.575	23	17	40
positional35,49,65,5,83	0.5625	9	7	16
positional53,23,68,14,78-10-positional40,25,77,16,96	0.5625	27	20	48
positional39,26,50,7,93-10-positional40,45,67,4,88	0.5625	9	7	16
positional39,26,50,7,93	0.5416666666666666	13	11	24
mobility0.79-10-positional40,45,67,4,88	0.5416666666666666	13	7	24
positional39,26,50,7,93	0.53125	17	14	32
positional39,26,50,7,93	0.5113636363636364	45	39	88
positional53,23,68,14,78-8-positional58,34,55,17,88	0.5	4	3	8
positional53,23,68,14,78	0.5	4	4	8
positional53,23,68,14,78	0.5	24	23	48
positional43,49,68,18,89	0.475	19	19	40
greedy-0-stable0.48	0.4375	14	17	32
mobility0.79	0.4375	14	18	32
corners-15-positional40,25,77,16,96	0.4375	14	16	32
positional39,26,50,7,93	0.4375	14	17	32
mobility0.78	0.375	15	23	40
positional59,20,73,33,88	0.34375	22	42	64
positional59,20,73,33,88-24-mobility0.58	0.3333333333333333	8	16	24
positional42,23,74,33,84-0-positional58,34,55,17,88	0.3333333333333333	16	30	48
stable0.64	0.3125	5	10	16
positional35,49,65,5,83-14-stable0.13	0.2916666666666667	21	50	72
stable0.57	0.2916666666666667	21	48	72
positional39,26,50,7,93-8-mobility0.26	0.2916666666666667	7	17	24
positional39,26,50,7,93-10-stable0.23	0.275	11	29	40
greedy	0.25	8	23	32
positional37,43,51,28,79-16-mobility0.74	0.25	10	28	40
positional53,23,68,14,78-14-greedy	0.25	4	12	16
stable0.35	0.25	10	30	40
corners	0.25	6	18	24
positional35,49,65,5,83-18-mobility0.59	0.25	4	11	16
positional39,26,50,7,93-7-greedy	0.21428571428571427	12	44	56
positional61,25,63,32,86	0.20833333333333334	10	37	48
mobility0.79	0.1875	6	24	32
positional43,49,68,18,89-13-corners	0.125	1	7	8
greedy-8-greedy	0.125	1	7	8
