positional41,35,61,15,93	NaN	0	0	0
positional51,46,76,10,67	NaN	0	0	0
positional62,22,60,16,83-11-corners	NaN	0	0	0
corners-15-corners	NaN	0	0	0
positional41,35,61,15,93	NaN	0	0	0
positional62,22,60,16,83-10-corners	NaN	0	0	0
greedy	NaN	0	0	0
mobility0.71-14-positional43,45,53,0,82	NaN	0	0	0
positional62,22,60,16,83-23-mobility0.78	NaN	0	0	0
positional41,35,61,15,93-10-stable0.02	NaN	0	0	0
greedy-10-positional45,30,65,18,70	0.75	6	2	8
mobility0.79-10-positional45,30,65,18,70	0.75	6	2	8
positional44,36,50,1,88	0.75	18	6	24
positional41,35,61,15,93	0.75	6	2	8
positional41,35,61,15,93	0.75	12	4	16
positional57,31,57,22,88	0.6875	22	7	32
positional62,22,60,16,83-13-positional39,49,64,32,96	0.6875	11	5	16
positional43,49,68,18,89-24-positional53,44,71,19,87	0.6875	11	5	16
positional41,35,61,15,93	0.6875	11	5	16
positional41,35,61,15,93-0-positional58,34,55,17,88	0.6458333333333334	31	14	48
positional62,22,60,16,83-15-positional47,29,60,23,88	0.625	20	12	32
positional41,35,61,15,93	0.625	25	13	40
positional62,22,60,16,83	0.625	10	5	16
positional55,24,77,5,84	0.625	10	6	16
corners-15-positional47,29,60,23,88	0.625	10	6	16
positional62,22,60,16,83-10-positional58,34,55,17,88	0.5833333333333334	28	20	48
positional62,22,60,16,83-0-positional61,32,50,25,76	0.575	23	17	40
positional62,22,60,16,83	0.5625	9	7	16
positional41,35,61,15,93-5-positional47,29,60,23,88	0.5416666666666666	13	10	24
positional62,22,60,16,83	0.5178571428571429	29	24	56
positional42,27,78,13,77	0.5	4	4	8
positional62,22,60,16,83	0.5	4	3	8
positional38,24,62,21,73-23-mobility0.38	0.5	4	4	8
positional44,36,50,1,88	0.46875	15	10	32
positional55,24,77,5,84-20-mobility0.40	0.4375	7	9	16
greedy	0.4166666666666667	10	13	24
positional62,22,60,16,83	0.375	6	9	16
positional55,24,77,5,84-14-corners	0.34375	11	18	32
positional62,22,60,16,83-16-greedy	0.3333333333333333	8	14	24
positional41,35,61,15,93-6-corners	0.3194444444444444	23	47	72
positional62,22,60,16,83-10-positional35,25,58,30,94	0.3125	5	11	16
corners	0.3125	5	10	16
mobility0.19	0.3125	10	21	32
positional44,36,50,1,88-5-greedy	0.3125	10	21	32
stable0.56-9-mobility0.61	0.3	12	27	40
positional41,35,61,15,93-16-mobility0.74	0.2916666666666667	14	33	48
positional62,22,60,16,83-10-corners	0.28125	9	22	32
positional38,24,62,21,73-6-corners	0.28125	9	22	32
positional42,27,78,13,77-7-corners	0.2708333333333333	13	34	48
mobility0.19	0.265625	17	45	64
positional53,32,50,24,69-6-mobility0.81	0.25	8	24	32
positional42,23,57,1,95-18-corners	0.25	6	18	24
positional62,22,60,16,83-13-mobility0.37	0.25	8	21	32
positional41,35,61,15,93-14-greedy	0.25	2	6	8
positional41,35,61,15,93-10-greedy	0.25	10	30	40
stable0.86	0.22916666666666666	11	36	48
positional41,35,61,15,93-8-stable0.48	0.21875	7	24	32
mobility0.95	0.1875	3	11	16
stable0.86	0.175	7	30	40
corners	0.16666666666666666	8	39	48
