positional64,45,58,33,96	NaN	0	0	0
positional64,45,58,33,96-22-greedy	NaN	0	0	0
greedy-10-positional39,35,79,11,81	NaN	0	0	0
positional64,45,58,33,96	NaN	0	0	0
positional64,45,58,33,96-10-mobility0.17	NaN	0	0	0
positional64,45,58,33,96-21-mobility0.05	NaN	0	0	0
positional64,45,58,33,96-10-positional52,48,65,11,79	NaN	0	0	0
mobility0.59-19-corners	NaN	0	0	0
positional64,30,61,29,82-10-greedy	NaN	0	0	0
positional45,39,62,3,86-15-positional63,26,62,24,83	NaN	0	0	0
greedy-10-positional52,48,65,11,79	0.875	7	1	8
positional55,44,70,18,95	0.875	7	0	8
positional52,35,51,27,69	0.8125	13	2	16
positional43,49,68,18,89	0.8	32	8	40
positional38,24,62,21,73	0.775	31	8	40
positional45,39,62,3,86-17-positional43,24,59,16,68	0.75	12	4	16
positional64,45,58,33,96	0.75	12	4	16
positional64,45,58,33,96	0.6875	22	9	32
positional64,45,58,33,96	0.6875	22	9	32
positional36,49,69,27,66-18-positional56,27,60,0,72	0.65	26	11	40
positional64,45,58,33,96	0.625	10	5	16
corners-15-positional52,48,65,11,79	0.5625	9	6	16
positional64,45,58,33,96-10-positional52,48,65,11,79	0.5625	27	20	48
positional64,45,58,33,96	0.5625	27	19	48
positional45,39,62,3,86	0.53125	17	15	32
positional38,24,62,21,73-13-positional61,37,69,33,98	0.5208333333333334	25	20	48
positional64,45,58,33,96-5-positional37,44,78,17,75	0.5	4	4	8
positional64,45,58,33,96-0-positional52,48,65,11,79	0.5	16	15	32
positional45,39,62,3,86	0.5	4	3	8
positional64,45,58,33,96-21-positional61,37,69,33,98	0.5	16	15	32
mobility0.74-13-positional42,20,64,25,95	0.4642857142857143	26	28	56
positional64,45,58,33,96-12-positional61,20,74,34,97	0.4375	7	8	16
positional45,39,62,3,86-23-mobility0.18	0.4166666666666667	10	14	24
positional43,49,68,18,89-0-positional52,48,65,11,79	0.4	16	22	40
positional64,45,58,33,96	0.375	3	5	8
mobility0.79-10-positional42,20,64,25,95	0.34375	11	19	32
positional64,45,58,33,96-23-greedy	0.3333333333333333	16	32	48
greedy	0.325	13	27	40
positional64,45,58,33,96	0.3125	5	11	16
corners	0.3125	10	20	32
positional45,39,62,3,86-8-corners	0.3	12	26	40
greedy	0.2916666666666667	7	17	24
positional64,45,58,33,96-6-greedy	0.2916666666666667	7	16	24
positional45,39,62,3,86-18-stable0.59	0.25	8	22	32
corners	0.25	8	23	32
positional57,34,75,5,81-14-stable0.23	0.25	4	12	16
corners	0.25	4	11	16
positional64,45,58,33,96-10-greedy	0.25	12	34	48
positional64,45,58,33,96-5-positional52,48,65,11,79	0.25	2	5	8
positional52,40,54,9,78-13-greedy	0.25	4	12	16
positional45,39,62,3,86-22-mobility0.09	0.2375	19	60	80
greedy	0.21428571428571427	12	41	56
positional64,45,58,33,96-13-mobility0.50	0.1875	3	13	16
greedy	0.1875	9	38	48
mobility0.53-11-stable0.13	0.1875	3	12	16
positional45,39,62,3,86-14-corners	0.16666666666666666	4	20	24
positional45,39,62,3,86-12-stable0.82	0.125	3	21	24
corners	0.125	4	27	32
corners	0.125	1	7	8
greedy-10-stable0.31	0.125	4	25	32
