positional63,37,75,34,78-22-stable0.21	NaN	0	0	0
positional63,37,75,34,78-10-positional41,35,70,22,94	NaN	0	0	0
positional50,49,67,25,69	NaN	0	0	0
positional50,49,67,25,69	NaN	0	0	0
positional63,37,75,34,78	NaN	0	0	0
greedy-19-greedy	NaN	0	0	0
positional50,49,67,25,69-8-corners	NaN	0	0	0
positional63,37,75,34,78-5-mobility0.48	NaN	0	0	0
positional54,30,70,8,96-7-positional58,39,61,12,86	0.9375	15	1	16
positional50,49,67,25,69-10-positional41,35,70,22,94	0.875	14	2	16
positional50,49,67,25,69	0.75	12	4	16
positional63,37,75,34,78-16-positional41,35,70,22,94	0.75	6	2	8
positional43,49,68,18,89	0.75	12	4	16
positional63,37,75,34,78	0.7083333333333334	17	7	24
greedy-10-positional41,35,70,22,94	0.6875	22	10	32
positional50,49,67,25,69	0.625	5	3	8
positional63,37,75,34,78-10-positional41,35,70,22,94	0.625	20	12	32
positional63,37,75,34,78	0.625	35	21	56
positional63,37,75,34,78	0.625	10	6	16
positional38,24,62,21,73	0.625	15	8	24
positional63,37,75,34,78	0.5833333333333334	42	29	72
positional38,24,62,21,73	0.575	23	14	40
corners-7-positional41,35,70,22,94	0.5625	9	6	16
corners-5-mobility0.53	0.53125	17	15	32
positional63,37,75,34,78	0.53125	17	14	32
positional63,37,75,34,78-18-positional56,27,60,0,72	0.53125	17	15	32
positional43,49,68,18,89	0.5208333333333334	25	20	48
positional63,37,75,34,78-15-positional41,35,70,22,94	0.5	28	26	56
positional63,37,75,34,78-10-positional41,35,70,22,94	0.5	4	4	8
greedy-13-positional46,27,70,24,76	0.46875	15	15	32
positional43,49,68,18,89	0.4583333333333333	11	13	24
positional63,37,75,34,78-10-positional41,35,70,22,94	0.4375	14	17	32
corners-5-mobility0.57	0.4375	7	9	16
positional63,37,75,34,78	0.4375	7	8	16
corners-12-positional61,20,74,34,97	0.4166666666666667	20	28	48
corners	0.375	6	10	16
positional57,34,75,5,81-10-corners	0.375	12	19	32
corners-19-mobility0.59	0.375	9	15	24
positional54,30,70,8,96	0.375	18	27	48
positional63,37,75,34,78-10-mobility0.52	0.34375	11	20	32
mobility0.59	0.3333333333333333	16	31	48
stable0.87	0.3125	5	10	16
positional63,37,75,34,78-11-stable0.13	0.2916666666666667	7	16	24
greedy	0.2916666666666667	7	17	24
positional54,30,70,8,96-10-stable0.14	0.2916666666666667	7	15	24
positional52,35,51,27,69-13-positional42,20,64,25,95	0.25	8	22	32
corners-9-corners	0.25	4	12	16
mobility0.79-10-positional42,20,64,25,95	0.25	10	30	40
positional63,37,75,34,78-21-mobility0.91	0.25	2	6	8
positional63,37,75,34,78-10-stable0.19	0.25	2	6	8
positional38,24,62,21,73-24-corners	0.25	10	30	40
greedy	0.25	2	6	8
positional63,37,75,34,78-22-greedy	0.25	20	56	80
positional50,49,67,25,69-16-stable0.28	0.20833333333333334	5	18	24
greedy	0.20833333333333334	10	37	48
positional50,49,67,25,69-22-corners	0.1875	3	13	16
positional63,37,75,34,78-5-stable0.59	0.175	7	33	40
positional63,37,75,34,78-10-greedy	0.125	1	7	8
greedy	0.125	6	40	48
greedy	0.0	0	8	8
