positional50,37,61,21,82	0.6428571428571429	81	44	126
positional50,37,61,21,82-0-positional53,35,51,29,77	0.6333333333333333	57	29	90
positional41,32,57,21,80	0.625	45	25	72
positional60,45,56,23,79	0.6172839506172839	100	56	162
positional51,47,65,20,84	0.6161616161616161	122	68	198
positional60,45,56,23,79-0-positional53,35,51,29,77	0.6041666666666666	87	54	144
positional50,37,61,21,82	0.5987654320987654	97	58	162
positional59,33,58,4,95-23-positional53,35,51,29,77	0.5833333333333334	63	42	108
positional50,37,61,21,82-23-positional53,35,51,29,77	0.5808080808080808	115	74	198
positional60,45,56,23,79-0-stable0.91	0.5793650793650794	73	48	126
positional38,23,76,4,86-0-greedy	0.5763888888888888	83	61	144
positional50,37,61,21,82	0.5714285714285714	72	52	126
positional51,47,65,20,84	0.5707070707070707	113	80	198
positional60,45,56,23,79	0.5656565656565656	112	80	198
positional60,45,56,23,79	0.5648148148148148	122	85	216
positional50,37,61,21,82-0-stable0.91	0.5648148148148148	122	86	216
positional60,45,56,23,79-0-mobility0.40	0.5617283950617284	91	65	162
positional38,23,76,4,86-0-mobility0.40	0.5606060606060606	111	75	198
positional41,40,55,29,96-24-positional53,35,51,29,77	0.5595238095238095	141	98	252
positional50,37,61,21,82	0.5555555555555556	120	92	216
positional60,45,56,23,79-0-mobility0.40	0.5555555555555556	60	44	108
positional60,45,56,23,79	0.5555555555555556	20	16	36
positional59,33,58,4,95	0.5555555555555556	120	82	216
positional60,45,56,23,79	0.5555555555555556	100	73	180
positional50,37,61,21,82-11-positional53,35,51,29,77	0.5493827160493827	89	68	162
positional59,33,58,4,95-12-positional49,36,69,22,76	0.5493827160493827	89	69	162
positional38,23,76,4,86	0.5476190476190477	138	101	252
positional60,45,56,23,79	0.5476190476190477	69	53	126
positional60,45,56,23,79-0-positional49,43,74,23,88	0.5462962962962963	59	43	108
positional63,29,77,20,94-0-positional53,35,51,29,77	0.5436507936507936	137	102	252
positional60,45,56,23,79-12-positional53,35,51,29,77	0.5404040404040404	107	81	198
positional59,33,58,4,95	0.5370370370370371	58	45	108
positional60,45,56,23,79	0.5353535353535354	106	90	198
positional50,37,61,21,82-0-corners	0.5333333333333333	96	76	180
positional60,45,56,23,79	0.5277777777777778	152	130	288
positional50,37,61,21,82-0-positional53,35,51,29,77	0.5277777777777778	76	57	144
positional60,45,56,23,79	0.5277777777777778	95	77	180
positional60,45,56,23,79-0-positional37,44,56,24,77	0.5233918128654971	179	150	342
positional38,23,76,4,86-0-corners	0.5208333333333334	75	60	144
positional50,37,61,21,82-0-corners	0.5185185185185185	112	99	216
positional63,29,77,20,94-14-positional53,35,51,29,77	0.5128205128205128	120	104	234
positional38,35,71,10,67	0.5065359477124183	155	139	306
positional50,37,61,21,82	0.5050505050505051	100	89	198
positional41,32,57,21,80-0-positional53,35,51,29,77	0.49572649572649574	116	107	234
positional50,37,61,21,82	0.49206349206349204	62	61	126
positional60,45,56,23,79	0.48830409356725146	167	157	342
positional60,45,56,23,79-20-positional45,21,70,13,75	0.46296296296296297	50	53	108
positional45,31,54,0,92-7-positional45,21,70,13,75	0.4027777777777778	29	41	72
positional45,24,73,28,71	0.32323232323232326	64	126	198
mobility0.71	0.2962962962962963	32	71	108
mobility0.65	0.2777777777777778	40	102	144
mobility0.65	0.2777777777777778	30	77	108
mobility0.75	0.25	45	125	180
positional45,24,73,28,71	0.24603174603174602	31	90	126
greedy	0.24206349206349206	61	180	252
positional60,45,56,23,79-7-stable0.14	0.21825396825396826	55	184	252
stable0.65	0.2094017094017094	49	177	234
positional60,45,56,23,79-23-stable0.13	0.20202020202020202	40	156	198
positional59,33,58,4,95-12-corners	0.18181818181818182	36	153	198
corners	0.17407407407407408	47	213	270
