positional33,17,62,3,97	0.7222222222222222	39	15	54
mobility0.83-14-positional53,23,78,7,89	0.6788321167883211	93	44	137
positional41,20,56,9,96	0.6702127659574468	63	31	94
positional32,22,52,8,99	0.6470588235294118	44	24	68
positional51,25,64,9,99-0-positional49,30,59,6,90	0.6290322580645161	78	46	124
positional51,25,64,9,99	0.6276595744680851	59	35	94
positional52,31,69,2,95	0.6272727272727273	69	41	110
positional52,31,69,2,95	0.6240601503759399	83	50	133
positional32,22,52,8,99-12-positional33,15,78,4,83	0.6232876712328768	91	55	146
positional51,25,64,9,99	0.6203703703703703	67	41	108
positional51,25,64,9,99-6-positional57,17,77,11,92	0.6153846153846154	80	50	130
positional35,15,51,5,91	0.6097560975609756	75	48	123
mobility0.83-5-positional53,23,78,7,89	0.6049382716049383	49	32	81
positional44,26,66,10,95	0.6048387096774194	75	49	124
positional33,28,55,12,89	0.5968586387434555	114	77	191
positional51,17,73,10,94-0-positional33,15,78,4,83	0.5925925925925926	48	33	81
positional51,17,73,10,94-0-positional57,17,77,11,92	0.5925925925925926	80	55	135
positional33,28,55,12,89	0.5887850467289719	63	44	107
positional46,15,62,10,82	0.5875	94	66	160
positional33,17,62,3,97	0.5828220858895705	95	68	163
positional51,25,64,9,99-19-positional53,25,68,8,93	0.5811965811965812	68	49	117
positional51,19,54,9,88	0.5802469135802469	47	34	81
positional51,19,54,9,88	0.5761589403973509	87	64	151
mobility0.83-5-positional53,23,78,7,89	0.5735294117647058	39	29	68
positional51,25,64,9,99	0.5645161290322581	70	54	124
positional44,26,66,10,95-0-positional53,23,78,7,89	0.5619834710743802	68	53	121
positional52,31,69,2,95	0.5609756097560976	69	54	123
positional52,31,69,2,95	0.5578947368421052	53	42	95
positional51,19,54,9,88-14-positional59,30,77,11,99	0.5555555555555556	30	24	54
positional40,29,70,7,83	0.5507246376811594	38	31	69
positional41,20,56,9,96	0.5504587155963303	60	49	109
positional40,29,70,7,83-18-positional41,23,76,13,90	0.5454545454545454	66	55	121
mobility0.40-12-positional33,15,78,4,83	0.5416666666666666	65	55	120
greedy-23-positional49,30,59,6,90	0.5407407407407407	73	62	135
stable0.87-24-positional53,23,78,7,89	0.5374149659863946	79	68	147
positional51,25,64,9,99	0.5371900826446281	65	56	121
positional51,25,64,9,99	0.5268817204301075	49	44	93
positional35,15,51,5,91	0.5245901639344263	64	58	122
positional32,22,52,8,99	0.5230769230769231	34	31	65
positional33,17,62,3,97	0.5227272727272727	69	63	132
positional51,17,73,10,94	0.515625	33	31	64
positional44,26,66,10,95-12-positional33,15,78,4,83	0.5151515151515151	68	64	132
positional33,17,62,3,97	0.45	36	44	80
mobility0.40	0.38181818181818183	42	68	110
stable0.54	0.35185185185185186	19	35	54
mobility0.83	0.325	26	54	80
greedy	0.3181818181818182	21	45	66
mobility0.83	0.3148148148148148	17	37	54
mobility0.84	0.2975206611570248	36	85	121
corners	0.28865979381443296	28	69	97
mobility0.83	0.288135593220339	34	84	118
mobility0.40	0.2866666666666667	43	107	150
mobility0.40	0.272108843537415	40	107	147
mobility0.40	0.2571428571428571	18	52	70
greedy	0.2463768115942029	17	52	69
stable0.54	0.21374045801526717	28	103	131
greedy	0.20491803278688525	25	97	122
stable0.87	0.2028985507246377	14	55	69
stable0.54	0.1925925925925926	26	109	135
mobility0.83-24-mobility0.13	0.16176470588235295	11	57	68
