positional44,26,66,10,95	0.6146788990825688	67	42	109
positional44,26,66,10,95	0.6111111111111112	99	63	162
positional33,17,62,3,97-18-positional53,23,78,7,89	0.6041666666666666	58	38	96
positional33,17,62,3,97	0.5975609756097561	49	33	82
positional33,17,62,3,97	0.5714285714285714	24	18	42
positional33,17,62,3,97	0.5714285714285714	28	21	49
positional33,17,62,3,97	0.5660377358490566	30	23	53
positional44,26,66,10,95	0.562962962962963	76	59	135
positional32,22,52,8,99	0.5625	54	42	96
positional32,22,52,8,99	0.5536723163841808	98	79	177
positional33,17,62,3,97	0.5473684210526316	52	43	95
positional44,26,66,10,95	0.5454545454545454	30	25	55
positional33,17,62,3,97	0.5376344086021505	50	43	93
positional33,17,62,3,97	0.5372340425531915	101	87	188
positional32,22,52,8,99	0.5368421052631579	51	44	95
positional33,17,62,3,97	0.5363636363636364	59	51	110
positional33,17,62,3,97	0.5268817204301075	49	44	93
positional51,25,64,9,99	0.5257731958762887	51	46	97
positional32,22,52,8,99	0.5229357798165137	57	52	109
positional44,26,66,10,95	0.5202702702702703	77	71	148
positional33,17,62,3,97	0.518796992481203	69	64	133
positional44,26,66,10,95	0.5154639175257731	50	47	97
positional44,26,66,10,95-0-positional53,23,78,7,89	0.5151515151515151	34	32	66
positional33,17,62,3,97	0.5137614678899083	56	53	109
positional33,17,62,3,97	0.50920245398773	83	80	163
positional44,26,66,10,95	0.509090909090909	28	27	55
positional51,17,73,10,94	0.5072463768115942	70	68	138
positional33,17,62,3,97	0.5040650406504065	62	61	123
positional32,22,52,8,99	0.5033557046979866	75	74	149
positional32,22,52,8,99	0.5	53	53	106
positional32,22,52,8,99	0.5	55	55	110
positional44,26,66,10,95	0.5	67	67	134
positional33,17,62,3,97	0.5	76	76	152
positional44,26,66,10,95	0.4965986394557823	73	74	147
positional44,26,66,10,95	0.4946236559139785	46	47	93
positional33,17,62,3,97	0.4909090909090909	27	28	55
positional33,17,62,3,97	0.48936170212765956	46	48	94
positional33,17,62,3,97	0.48623853211009177	53	56	109
positional33,17,62,3,97	0.4811320754716981	51	55	106
positional33,17,62,3,97	0.48	60	65	125
positional33,17,62,3,97-18-positional53,23,78,7,89	0.4796747967479675	59	64	123
positional44,26,66,10,95	0.4794520547945205	70	76	146
positional33,17,62,3,97	0.47794117647058826	65	71	136
positional44,26,66,10,95	0.47317073170731705	97	108	205
positional33,17,62,3,97	0.4716981132075472	25	28	53
positional32,22,52,8,99	0.46788990825688076	51	58	109
positional51,17,73,10,94	0.46715328467153283	64	73	137
positional44,26,66,10,95	0.4666666666666667	42	48	90
positional33,17,62,3,97	0.46357615894039733	70	81	151
positional33,17,62,3,97	0.44871794871794873	35	43	78
positional33,17,62,3,97	0.44642857142857145	25	31	56
positional33,17,62,3,97	0.43902439024390244	36	46	82
positional51,17,73,10,94-0-positional53,23,78,7,89	0.43636363636363634	72	93	165
positional33,17,62,3,97	0.4329896907216495	42	55	97
positional51,25,64,9,99	0.4268292682926829	35	47	82
positional33,17,62,3,97	0.4148936170212766	39	55	94
positional51,17,73,10,94	0.4074074074074074	11	16	27
positional32,22,52,8,99	0.3854166666666667	37	59	96
positional51,17,73,10,94	0.373134328358209	50	84	134
positional33,17,62,3,97	0.3473684210526316	33	62	95
