positional51,25,64,9,99-0-positional49,30,59,6,90	0.6515151515151515	43	23	66
positional51,25,64,9,99	0.5894736842105263	56	39	95
positional44,26,66,10,95-0-positional49,30,59,6,90	0.5882352941176471	70	49	119
positional51,25,64,9,99	0.5789473684210527	55	40	95
positional44,26,66,10,95	0.5789473684210527	77	56	133
positional33,28,55,12,89	0.5766423357664233	79	58	137
positional51,25,64,9,99	0.5757575757575758	76	56	132
positional51,17,73,10,94	0.5714285714285714	24	18	42
positional51,25,64,9,99-0-positional33,15,78,4,83	0.5662650602409639	47	36	83
positional51,25,64,9,99	0.5652173913043478	52	40	92
positional33,17,62,3,97	0.5473684210526316	52	43	95
positional33,17,62,3,97	0.5413533834586466	72	61	133
positional32,22,52,8,99	0.5409836065573771	66	56	122
positional44,26,66,10,95-0-positional33,15,78,4,83	0.5369127516778524	80	69	149
positional41,20,56,9,96-18-positional57,17,77,11,92	0.5321100917431193	58	51	109
positional51,17,73,10,94-0-positional53,23,78,7,89	0.5316455696202531	42	37	79
positional33,28,55,12,89	0.5294117647058824	36	32	68
positional44,26,66,10,95	0.5289855072463768	73	65	138
positional41,20,56,9,96	0.5288461538461539	55	49	104
positional32,22,52,8,99	0.5276381909547738	105	94	199
positional44,26,66,10,95	0.5272727272727272	29	26	55
positional33,17,62,3,97-0-positional57,17,77,11,92	0.5220588235294118	71	65	136
positional32,22,52,8,99-0-positional53,23,78,7,89	0.5131578947368421	78	74	152
positional51,25,64,9,99	0.5081967213114754	62	60	122
positional41,20,56,9,96	0.5074626865671642	68	66	134
positional32,22,52,8,99-14-positional53,23,78,7,89	0.5046296296296297	109	107	216
positional41,20,56,9,96	0.5045871559633027	55	54	109
positional33,28,55,12,89-0-positional57,17,77,11,92	0.5	28	28	56
positional51,25,64,9,99	0.5	53	53	106
positional41,20,56,9,96-12-positional49,30,59,6,90	0.4959349593495935	61	62	123
positional52,31,69,2,95	0.495	99	101	200
positional33,17,62,3,97-6-positional57,17,77,11,92	0.49382716049382713	40	41	81
positional41,20,56,9,96-0-positional49,30,59,6,90	0.4909090909090909	54	56	110
positional33,17,62,3,97	0.48623853211009177	53	56	109
positional51,17,73,10,94	0.4854368932038835	50	53	103
positional51,25,64,9,99-0-positional53,23,78,7,89	0.4845360824742268	47	50	97
positional52,31,69,2,95	0.4838709677419355	45	48	93
positional33,17,62,3,97	0.48148148148148145	39	42	81
positional51,25,64,9,99-0-positional33,15,78,4,83	0.4789915966386555	57	62	119
positional41,20,56,9,96-18-positional49,30,59,6,90	0.47706422018348627	52	57	109
positional41,20,56,9,96	0.4731182795698925	44	49	93
positional41,20,56,9,96	0.4716981132075472	50	56	106
positional32,22,52,8,99	0.4666666666666667	70	80	150
positional44,26,66,10,95	0.4632352941176471	63	73	136
positional32,22,52,8,99	0.46153846153846156	48	56	104
positional32,22,52,8,99	0.453416149068323	73	88	161
positional51,25,64,9,99	0.44715447154471544	55	68	123
positional33,17,62,3,97	0.44565217391304346	41	51	92
positional51,25,64,9,99	0.44144144144144143	49	62	111
positional32,22,52,8,99-0-positional49,30,59,6,90	0.4367816091954023	76	98	174
positional52,31,69,2,95	0.4339622641509434	23	30	53
positional44,26,66,10,95	0.4306569343065693	59	78	137
positional32,22,52,8,99	0.42592592592592593	23	31	54
positional51,17,73,10,94	0.42028985507246375	29	40	69
positional32,22,52,8,99	0.41975308641975306	34	47	81
positional32,22,52,8,99	0.41818181818181815	23	32	55
positional51,17,73,10,94	0.4117647058823529	28	40	68
positional51,25,64,9,99-0-positional57,17,77,11,92	0.4105263157894737	39	56	95
positional44,26,66,10,95	0.38144329896907214	37	60	97
positional52,31,69,2,95	0.35714285714285715	5	9	14
