positional33,17,62,3,97	0.6382978723404256	60	34	94
positional51,25,64,9,99-0-positional57,17,77,11,92	0.6071428571428571	17	11	28
positional33,17,62,3,97	0.5925925925925926	64	44	108
positional32,22,52,8,99-0-positional49,30,59,6,90	0.5876288659793815	57	40	97
positional33,17,62,3,97	0.5789473684210527	55	40	95
positional33,17,62,3,97-0-positional33,15,78,4,83	0.5714285714285714	24	18	42
positional44,26,66,10,95	0.5714285714285714	76	57	133
positional51,25,64,9,99	0.5666666666666667	51	39	90
positional41,20,56,9,96	0.5662650602409639	47	36	83
positional51,25,64,9,99	0.55	44	36	80
positional51,25,64,9,99	0.5495495495495496	61	50	111
positional32,22,52,8,99-0-positional33,15,78,4,83	0.5421686746987951	45	38	83
positional44,26,66,10,95	0.5375	43	37	80
positional41,20,56,9,96-18-positional49,30,59,6,90	0.5369127516778524	80	69	149
positional33,17,62,3,97-14-positional53,23,78,7,89	0.5365853658536586	88	76	164
positional44,26,66,10,95	0.5360824742268041	52	45	97
positional51,17,73,10,94	0.53125	51	45	96
positional32,22,52,8,99	0.5281385281385281	122	109	231
positional33,28,55,12,89	0.5272727272727272	58	52	110
positional51,17,73,10,94-0-positional33,15,78,4,83	0.5240963855421686	87	79	166
positional32,22,52,8,99	0.5206611570247934	63	58	121
positional33,17,62,3,97-18-positional49,30,59,6,90	0.52	78	72	150
positional32,22,52,8,99	0.51875	83	77	160
positional32,22,52,8,99-14-positional53,23,78,7,89	0.5149253731343284	69	65	134
positional51,25,64,9,99	0.5125	41	39	80
positional44,26,66,10,95-0-positional57,17,77,11,92	0.5081967213114754	62	60	122
positional44,26,66,10,95-0-positional53,23,78,7,89	0.5061728395061729	41	40	81
positional51,25,64,9,99	0.5028901734104047	87	86	173
positional32,22,52,8,99	0.5	27	27	54
positional33,17,62,3,97	0.5	74	74	148
positional44,26,66,10,95	0.5	47	47	94
positional32,22,52,8,99	0.4936708860759494	39	40	79
positional44,26,66,10,95	0.48936170212765956	46	48	94
positional44,26,66,10,95	0.48936170212765956	46	48	94
positional44,26,66,10,95	0.4885057471264368	85	89	174
positional44,26,66,10,95	0.4854368932038835	50	53	103
positional44,26,66,10,95	0.4791666666666667	46	50	96
positional51,25,64,9,99	0.4766355140186916	51	56	107
positional51,25,64,9,99	0.47368421052631576	63	70	133
positional44,26,66,10,95	0.4731182795698925	44	49	93
positional33,17,62,3,97	0.4714285714285714	33	37	70
positional33,28,55,12,89	0.46846846846846846	52	59	111
positional44,26,66,10,95	0.46788990825688076	51	58	109
positional51,25,64,9,99	0.4676258992805755	65	74	139
positional32,22,52,8,99	0.4666666666666667	63	72	135
positional33,17,62,3,97	0.4631578947368421	44	51	95
positional51,25,64,9,99	0.4631578947368421	44	51	95
positional51,25,64,9,99	0.4627659574468085	87	101	188
positional32,22,52,8,99-0-positional49,30,59,6,90	0.4625	37	43	80
positional51,25,64,9,99-0-positional57,17,77,11,92	0.46236559139784944	43	50	93
positional41,20,56,9,96	0.4528301886792453	24	29	53
positional33,28,55,12,89	0.4523809523809524	57	69	126
positional51,17,73,10,94	0.43902439024390244	72	92	164
positional51,25,64,9,99	0.43478260869565216	30	39	69
positional32,22,52,8,99-0-positional57,17,77,11,92	0.42962962962962964	58	77	135
positional33,28,55,12,89	0.4205607476635514	45	62	107
positional41,20,56,9,96	0.41818181818181815	23	32	55
positional51,25,64,9,99	0.4166666666666667	45	63	108
positional51,25,64,9,99	0.375	36	60	96
positional32,22,52,8,99	0.36585365853658536	15	26	41
