positional32,22,52,8,99	0.6029411764705882	41	27	68
positional44,26,66,10,95-0-positional33,15,78,4,83	0.5963302752293578	65	44	109
positional41,20,56,9,96	0.5846153846153846	38	27	65
positional44,26,66,10,95-18-positional53,23,78,7,89	0.5730337078651685	102	76	178
positional33,17,62,3,97	0.5702479338842975	69	52	121
positional32,22,52,8,99	0.562962962962963	76	59	135
positional51,25,64,9,99	0.5625	54	42	96
positional33,17,62,3,97	0.5619834710743802	68	53	121
positional32,22,52,8,99	0.5578947368421052	53	42	95
positional44,26,66,10,95	0.5555555555555556	60	48	108
positional33,17,62,3,97	0.5507246376811594	38	31	69
positional33,17,62,3,97	0.55	66	54	120
positional33,17,62,3,97	0.5491803278688525	67	55	122
positional33,17,62,3,97	0.5473684210526316	52	43	95
positional51,17,73,10,94-0-positional53,23,78,7,89	0.5428571428571428	76	64	140
positional33,17,62,3,97-0-positional33,15,78,4,83	0.5370370370370371	58	50	108
positional32,22,52,8,99	0.5365853658536586	22	19	41
positional32,22,52,8,99	0.535031847133758	84	73	157
positional33,17,62,3,97-0-positional33,15,78,4,83	0.5333333333333333	56	49	105
positional51,17,73,10,94	0.5308641975308642	86	76	162
positional41,20,56,9,96	0.525	63	57	120
positional51,17,73,10,94	0.5213270142180095	110	101	211
positional51,17,73,10,94-0-positional33,15,78,4,83	0.5206611570247934	63	58	121
positional51,17,73,10,94	0.5161290322580645	64	60	124
positional44,26,66,10,95	0.5137614678899083	56	53	109
positional44,26,66,10,95	0.512396694214876	62	59	121
positional51,17,73,10,94	0.5108695652173914	47	45	92
positional51,25,64,9,99-0-positional33,15,78,4,83	0.5061728395061729	41	40	81
positional44,26,66,10,95	0.5	55	55	110
positional44,26,66,10,95	0.4959349593495935	61	62	123
positional51,17,73,10,94	0.4925373134328358	33	34	67
positional33,17,62,3,97	0.4909090909090909	54	56	110
positional33,17,62,3,97-18-positional57,17,77,11,92	0.48936170212765956	46	48	94
positional33,17,62,3,97	0.48760330578512395	59	62	121
positional32,22,52,8,99-14-positional53,23,78,7,89	0.4842105263157895	46	49	95
positional32,22,52,8,99	0.4838709677419355	60	64	124
positional33,17,62,3,97	0.48322147651006714	72	77	149
positional32,22,52,8,99	0.4810126582278481	38	41	79
positional32,22,52,8,99	0.4791666666666667	46	50	96
positional32,22,52,8,99	0.4774774774774775	53	58	111
positional33,17,62,3,97	0.47368421052631576	45	50	95
positional51,25,64,9,99	0.47019867549668876	71	80	151
positional33,17,62,3,97	0.4672131147540984	57	65	122
positional44,26,66,10,95-0-positional53,23,78,7,89	0.46715328467153283	64	73	137
positional51,25,64,9,99	0.4642857142857143	26	30	56
positional33,17,62,3,97	0.4634146341463415	38	44	82
positional41,20,56,9,96-14-positional53,23,78,7,89	0.4631578947368421	44	51	95
positional33,17,62,3,97	0.4563758389261745	68	81	149
positional51,25,64,9,99-0-positional53,23,78,7,89	0.45	36	44	80
positional33,17,62,3,97-14-positional53,23,78,7,89	0.44871794871794873	35	43	78
positional51,25,64,9,99	0.448	56	69	125
positional32,22,52,8,99	0.4392523364485981	47	60	107
positional33,17,62,3,97-0-positional57,17,77,11,92	0.42592592592592593	23	31	54
positional41,20,56,9,96-14-positional53,23,78,7,89	0.4146341463414634	34	48	82
positional33,17,62,3,97-0-positional49,30,59,6,90	0.4146341463414634	68	96	164
positional44,26,66,10,95	0.40963855421686746	34	49	83
positional33,17,62,3,97-18-positional49,30,59,6,90	0.39552238805970147	53	81	134
positional32,22,52,8,99	0.3939393939393939	26	40	66
positional51,25,64,9,99	0.3925233644859813	42	65	107
positional33,17,62,3,97	0.375	21	35	56
