positional44,26,66,10,95	0.6538461538461539	17	9	26
positional44,26,66,10,95	0.6428571428571429	27	15	42
positional44,26,66,10,95	0.5827338129496403	81	58	139
positional41,20,56,9,96	0.5771812080536913	86	63	149
positional32,22,52,8,99-0-positional33,15,78,4,83	0.5609756097560976	92	72	164
positional33,17,62,3,97	0.5578947368421052	53	42	95
positional51,17,73,10,94	0.5555555555555556	60	48	108
positional51,17,73,10,94	0.5495495495495496	61	50	111
positional33,17,62,3,97-0-positional53,23,78,7,89	0.5488721804511278	73	60	133
positional44,26,66,10,95	0.547945205479452	80	66	146
positional33,17,62,3,97	0.5416666666666666	52	44	96
positional32,22,52,8,99	0.5370370370370371	29	25	54
positional41,20,56,9,96	0.5369127516778524	80	69	149
positional33,17,62,3,97	0.5333333333333333	64	56	120
positional41,20,56,9,96	0.5273972602739726	77	69	146
positional33,17,62,3,97	0.527027027027027	78	70	148
positional44,26,66,10,95	0.5268817204301075	49	44	93
positional33,17,62,3,97	0.5245901639344263	64	58	122
positional51,17,73,10,94-18-positional33,15,78,4,83	0.524390243902439	43	39	82
positional51,25,64,9,99	0.5219512195121951	107	98	205
positional33,17,62,3,97-0-positional33,15,78,4,83	0.5185185185185185	28	26	54
positional44,26,66,10,95	0.5169491525423728	61	57	118
positional33,17,62,3,97	0.5163934426229508	63	59	122
positional33,17,62,3,97	0.5125	41	39	80
positional33,17,62,3,97	0.5067567567567568	75	73	148
positional51,25,64,9,99-18-positional33,15,78,4,83	0.5052631578947369	48	47	95
positional51,17,73,10,94-18-positional53,23,78,7,89	0.5051546391752577	49	48	97
positional51,17,73,10,94	0.5045871559633027	55	54	109
positional33,17,62,3,97	0.5042016806722689	60	59	119
positional33,17,62,3,97-6-positional53,23,78,7,89	0.4954128440366973	54	55	109
positional32,22,52,8,99	0.49473684210526314	47	48	95
positional51,17,73,10,94	0.4939759036144578	41	42	83
positional33,17,62,3,97-14-positional53,23,78,7,89	0.49382716049382713	40	41	81
positional44,26,66,10,95	0.4936708860759494	39	40	79
positional33,17,62,3,97	0.4927536231884058	34	35	69
positional44,26,66,10,95-0-positional53,23,78,7,89	0.4927536231884058	34	35	69
positional51,17,73,10,94	0.4925373134328358	33	34	67
positional51,17,73,10,94-18-positional53,23,78,7,89	0.49193548387096775	61	63	124
positional33,17,62,3,97	0.49019607843137253	25	26	51
positional51,17,73,10,94	0.4858757062146893	86	91	177
positional32,22,52,8,99-0-positional33,15,78,4,83	0.4838709677419355	105	112	217
positional33,17,62,3,97	0.4827586206896552	70	75	145
positional33,17,62,3,97-0-positional33,15,78,4,83	0.4811320754716981	51	55	106
positional51,17,73,10,94	0.47560975609756095	78	86	164
positional51,17,73,10,94	0.4740740740740741	64	71	135
positional44,26,66,10,95-0-positional53,23,78,7,89	0.4714285714285714	66	74	140
positional44,26,66,10,95	0.46875	90	102	192
positional33,17,62,3,97	0.46808510638297873	44	50	94
positional33,17,62,3,97	0.4666666666666667	49	56	105
positional44,26,66,10,95	0.45	54	66	120
positional33,17,62,3,97	0.44776119402985076	30	37	67
positional44,26,66,10,95	0.44642857142857145	25	31	56
positional33,17,62,3,97	0.4462809917355372	54	67	121
positional51,17,73,10,94	0.42857142857142855	12	16	28
positional33,17,62,3,97-6-positional33,15,78,4,83	0.425	34	46	80
positional41,20,56,9,96	0.41975308641975306	34	47	81
positional44,26,66,10,95-18-positional33,15,78,4,83	0.4036697247706422	44	65	109
positional33,17,62,3,97	0.4016393442622951	49	73	122
positional32,22,52,8,99-0-positional33,15,78,4,83	0.34146341463414637	14	27	41
positional32,22,52,8,99-0-positional33,15,78,4,83	0.3333333333333333	31	62	93
