positional33,17,62,3,97	0.6074766355140186	65	42	107
positional32,22,52,8,99	0.5673076923076923	59	45	104
positional51,17,73,10,94	0.5671641791044776	38	29	67
positional33,17,62,3,97-0-positional53,23,78,7,89	0.5614754098360656	137	107	244
positional33,17,62,3,97	0.5571428571428572	117	93	210
positional33,17,62,3,97	0.5547445255474452	76	61	137
positional33,17,62,3,97	0.5502392344497608	115	94	209
positional33,17,62,3,97	0.55	88	72	160
positional33,17,62,3,97	0.5491071428571429	123	101	224
positional51,25,64,9,99	0.5482456140350878	125	103	228
positional33,17,62,3,97	0.5435897435897435	106	89	195
positional32,22,52,8,99	0.5428571428571428	76	64	140
positional33,17,62,3,97	0.5333333333333333	64	56	120
positional32,22,52,8,99	0.5333333333333333	72	63	135
positional44,26,66,10,95	0.5265306122448979	129	116	245
positional33,17,62,3,97	0.5265306122448979	129	116	245
positional33,17,62,3,97	0.5251798561151079	73	66	139
positional33,17,62,3,97	0.5245901639344263	64	58	122
positional51,25,64,9,99	0.5244755244755245	75	68	143
positional33,17,62,3,97	0.522633744855967	127	116	243
positional33,17,62,3,97	0.5225806451612903	81	74	155
positional33,17,62,3,97	0.5204918032786885	127	117	244
positional33,17,62,3,97	0.5185185185185185	126	117	243
positional44,26,66,10,95	0.5179856115107914	72	67	139
positional44,26,66,10,95	0.5165289256198347	125	117	242
positional51,25,64,9,99	0.5155555555555555	116	109	225
positional44,26,66,10,95	0.5145228215767634	124	117	241
positional33,17,62,3,97-0-positional53,23,78,7,89	0.5144927536231884	71	67	138
positional44,26,66,10,95	0.5116279069767442	44	42	86
positional44,26,66,10,95	0.5084033613445378	121	117	238
positional44,26,66,10,95	0.5040983606557377	123	121	244
positional33,17,62,3,97	0.5035971223021583	70	69	139
positional51,17,73,10,94	0.5031847133757962	79	78	157
positional51,17,73,10,94	0.5019455252918288	129	128	257
positional33,17,62,3,97	0.5	86	86	172
positional33,17,62,3,97	0.49411764705882355	42	43	85
positional51,17,73,10,94	0.48936170212765956	69	72	141
positional33,17,62,3,97	0.48514851485148514	49	52	101
positional44,26,66,10,95	0.48226950354609927	68	73	141
positional51,17,73,10,94	0.4807692307692308	75	81	156
positional51,17,73,10,94	0.4788732394366197	34	37	71
positional51,17,73,10,94-0-positional53,23,78,7,89	0.47770700636942676	75	82	157
positional44,26,66,10,95-0-positional53,23,78,7,89	0.47643979057591623	91	100	191
positional44,26,66,10,95-18-positional53,23,78,7,89	0.47435897435897434	74	82	156
positional33,17,62,3,97	0.47417840375586856	101	112	213
positional44,26,66,10,95	0.4715447154471545	116	130	246
positional44,26,66,10,95	0.46835443037974683	74	84	158
positional32,22,52,8,99	0.4669603524229075	106	121	227
positional33,17,62,3,97	0.46511627906976744	80	92	172
positional44,26,66,10,95	0.460431654676259	64	75	139
positional33,17,62,3,97	0.45977011494252873	80	94	174
positional44,26,66,10,95	0.4583333333333333	88	104	192
positional33,17,62,3,97	0.45652173913043476	63	75	138
positional33,17,62,3,97	0.44155844155844154	68	86	154
positional44,26,66,10,95	0.4318181818181818	76	100	176
positional33,17,62,3,97	0.42738589211618255	103	138	241
positional33,17,62,3,97	0.4240506329113924	67	91	158
positional32,22,52,8,99	0.41304347826086957	57	81	138
positional32,22,52,8,99	0.39705882352941174	54	82	136
positional44,26,66,10,95	0.3815789473684211	87	141	228
