greedy	NaN	0	0	0
greedy	NaN	0	0	0
stable0.08-12-stable0.26	NaN	0	0	0
greedy-9-stable0.80	NaN	0	0	0
stable0.08-10-positional42,31,79,7,81	0.7936507936507936	100	24	126
positional33,31,62,12,84-14-positional35,29,61,12,97	0.7777777777777778	98	27	126
positional50,23,67,3,94	0.7444444444444445	67	20	90
positional56,16,79,7,81	0.7222222222222222	26	10	36
greedy-11-positional57,21,64,9,88	0.7037037037037037	38	14	54
mobility0.07	0.5444444444444444	98	77	180
positional50,24,54,0,98-20-mobility0.25	0.5370370370370371	29	24	54
corners-18-stable0.29	0.4861111111111111	70	74	144
stable0.03-19-mobility0.41	0.47619047619047616	60	60	126
mobility0.06	0.47619047619047616	60	64	126
corners-22-greedy	0.4666666666666667	42	47	90
mobility0.24	0.46111111111111114	83	93	180
greedy-24-stable0.26	0.4506172839506173	73	85	162
greedy	0.4494949494949495	89	101	198
greedy	0.4444444444444444	16	16	36
greedy-9-corners	0.4444444444444444	32	37	72
positional33,25,73,7,95-14-greedy	0.4444444444444444	32	40	72
greedy-15-stable0.22	0.4444444444444444	24	25	54
greedy	0.4382716049382716	71	84	162
greedy-20-stable0.10	0.42777777777777776	77	101	180
corners-5-mobility0.47	0.4236111111111111	61	78	144
stable0.27-15-greedy	0.4236111111111111	61	74	144
stable0.98-17-stable0.22	0.4222222222222222	76	101	180
mobility0.68-13-greedy	0.4212962962962963	91	118	216
corners	0.4166666666666667	15	19	36
corners-9-greedy	0.4166666666666667	90	119	216
greedy-19-corners	0.41452991452991456	97	132	234
positional47,31,78,12,96-9-stable0.07	0.41358024691358025	67	93	162
stable0.11	0.4126984126984127	52	72	126
mobility0.98-16-greedy	0.4111111111111111	37	50	90
stable0.46-18-mobility0.66	0.4074074074074074	66	90	162
greedy	0.40476190476190477	102	143	252
positional57,20,55,9,99-20-mobility0.93	0.4	72	101	180
corners	0.39351851851851855	85	124	216
stable0.11	0.3888888888888889	63	95	162
positional55,27,63,12,86-22-greedy	0.3888888888888889	14	22	36
mobility0.15-12-mobility0.87	0.3888888888888889	77	114	198
corners-19-stable0.53	0.3888888888888889	28	41	72
mobility0.13-12-corners	0.3888888888888889	63	93	162
stable0.32-15-corners	0.3888888888888889	84	126	216
greedy-23-greedy	0.373015873015873	47	75	126
mobility0.51-7-stable0.67	0.37037037037037035	80	124	216
stable0.66	0.3686868686868687	73	120	198
corners-6-corners	0.36507936507936506	46	75	126
mobility0.98	0.3611111111111111	65	107	180
corners	0.3611111111111111	26	44	72
greedy-6-mobility0.89	0.3611111111111111	78	134	216
corners-18-corners	0.35353535353535354	70	118	198
greedy-8-stable0.08	0.35353535353535354	70	121	198
mobility0.91	0.3333333333333333	30	57	90
corners-23-mobility0.94	0.3333333333333333	66	126	198
mobility0.55-12-stable0.02	0.3277777777777778	59	114	180
mobility1.00	0.3271604938271605	53	104	162
mobility0.92	0.32407407407407407	35	70	108
stable1.00	0.3055555555555556	44	94	144
stable0.67-9-mobility0.90	0.2222222222222222	4	12	18
