positional31,21,69,12,96-23-greedy	NaN	0	0	0
positional50,23,67,3,94-14-positional58,31,50,8,91	0.7698412698412699	97	28	126
positional31,24,67,8,96	0.7222222222222222	26	10	36
positional55,27,63,12,86-22-positional35,21,79,9,83	0.6833333333333333	123	52	180
positional33,31,62,12,84	0.6805555555555556	49	19	72
positional31,24,67,8,96	0.6746031746031746	85	39	126
greedy-11-positional35,21,79,9,83	0.6620370370370371	143	68	216
positional55,27,63,12,86	0.6527777777777778	94	43	144
stable0.08-10-positional44,24,63,8,92	0.6363636363636364	126	69	198
positional31,21,69,12,96	0.6349206349206349	160	89	252
positional51,26,61,9,93-7-positional37,25,53,14,97	0.6333333333333333	57	29	90
positional50,24,54,0,98	0.6319444444444444	91	51	144
positional55,27,63,12,86	0.6296296296296297	102	53	162
positional51,26,61,9,93	0.6296296296296297	136	77	216
positional33,31,62,12,84	0.625	90	53	144
stable0.08-14-positional44,24,63,8,92	0.6203703703703703	67	34	108
positional50,23,67,3,94	0.6	108	65	180
positional33,31,62,12,84	0.6	108	65	180
greedy-11-positional57,21,64,9,88	0.5925925925925926	96	58	162
positional52,20,64,13,83-9-positional52,25,71,10,86	0.5888888888888889	53	34	90
positional50,23,67,3,94-0-greedy	0.5873015873015873	74	47	126
positional51,26,61,9,93-24-mobility0.40	0.5	18	17	36
corners	0.4722222222222222	17	17	36
mobility0.07-0-positional37,25,53,14,97	0.4305555555555556	62	81	144
mobility0.06	0.40404040404040403	80	114	198
greedy-8-mobility0.25	0.4027777777777778	29	42	72
positional39,33,78,8,88-14-stable0.41	0.3968253968253968	50	71	126
greedy-9-stable0.44	0.3888888888888889	21	33	54
mobility0.53-10-stable0.41	0.3888888888888889	7	11	18
greedy	0.3888888888888889	63	96	162
positional31,24,67,8,96-21-mobility0.64	0.3888888888888889	35	55	90
positional31,21,69,12,96-6-corners	0.3888888888888889	28	43	72
corners-10-mobility0.66	0.38095238095238093	48	72	126
greedy-6-mobility0.94	0.37777777777777777	34	53	90
greedy	0.375	54	83	144
greedy	0.36507936507936506	92	155	252
greedy	0.35714285714285715	90	154	252
stable0.08	0.35	63	112	180
positional39,33,78,8,88-19-mobility0.41	0.3492063492063492	44	80	126
positional31,24,67,8,96-19-corners	0.3472222222222222	100	180	288
corners	0.3388888888888889	61	117	180
corners-0-positional44,24,63,8,92	0.3333333333333333	42	79	126
mobility0.48-22-stable0.33	0.3333333333333333	78	148	234
greedy-0-positional52,25,71,10,86	0.3282828282828283	65	125	198
mobility0.48	0.32407407407407407	70	137	216
stable0.08	0.32407407407407407	35	69	108
mobility0.36-22-stable0.06	0.3194444444444444	23	49	72
positional50,24,54,0,98-19-stable0.53	0.31666666666666665	57	119	180
greedy	0.31313131313131315	62	125	198
greedy-11-stable0.80	0.3055555555555556	77	170	252
corners	0.29444444444444445	53	122	180
greedy	0.2916666666666667	42	97	144
stable0.08-20-stable0.10	0.29012345679012347	47	112	162
corners	0.2878787878787879	57	136	198
mobility0.87	0.2777777777777778	25	60	90
mobility0.87	0.2777777777777778	50	125	180
positional31,21,69,12,96-16-corners	0.2698412698412698	34	90	126
mobility0.58-9-stable0.80	0.2361111111111111	17	52	72
greedy-15-mobility0.90	0.23148148148148148	50	162	216
stable0.83	0.2222222222222222	4	13	18
