positional50,25,55,10,95	NaN	0	0	0
stable0.90	NaN	0	0	0
positional52,28,70,2,85	NaN	0	0	0
positional44,15,76,9,84	NaN	0	0	0
positional33,23,71,9,86	NaN	0	0	0
positional52,19,71,9,95	0.6944444444444444	50	18	72
positional50,25,55,10,95	0.6458333333333334	93	45	144
positional50,25,55,10,95	0.6388888888888888	23	12	36
positional52,19,71,9,95-16-positional42,21,67,13,98	0.6166666666666667	111	62	180
positional38,24,77,12,81	0.6111111111111112	11	6	18
positional50,25,55,10,95	0.6111111111111112	44	27	72
positional44,15,76,9,84	0.6111111111111112	33	19	54
positional48,31,62,7,81	0.6111111111111112	22	12	36
positional52,19,71,9,95-7-positional44,26,56,2,89	0.6111111111111112	77	46	126
positional52,19,71,9,95	0.5888888888888889	106	69	180
positional39,18,58,6,97	0.5740740740740741	93	57	162
positional56,30,53,5,99	0.5714285714285714	72	47	126
positional50,25,55,10,95	0.5648148148148148	61	44	108
positional39,18,58,6,97	0.5611111111111111	101	77	180
positional50,25,55,10,95	0.5606060606060606	111	81	198
positional56,15,61,2,82	0.5598290598290598	131	98	234
positional50,25,55,10,95	0.5555555555555556	120	93	216
positional56,30,53,5,99	0.5555555555555556	70	49	126
positional57,19,55,12,81	0.5555555555555556	100	76	180
positional56,30,53,5,99-0-positional33,23,63,2,86	0.5509259259259259	119	87	216
positional39,18,58,6,97-0-positional47,15,54,13,94	0.5444444444444444	98	76	180
positional39,18,58,6,97-14-positional47,15,54,13,94	0.5416666666666666	78	61	144
positional52,19,71,9,95	0.5396825396825397	68	56	126
positional47,32,67,1,95-17-positional46,24,72,2,84	0.5370370370370371	29	22	54
positional52,19,71,9,95	0.5277777777777778	76	63	144
positional50,25,55,10,95	0.5222222222222223	47	37	90
positional48,31,62,7,81	0.5170940170940171	121	106	234
greedy	0.4444444444444444	24	29	54
positional56,30,53,5,99-23-stable0.93	0.3888888888888889	28	40	72
positional39,18,58,6,97-19-mobility0.43	0.35555555555555557	32	55	90
greedy	0.34444444444444444	62	111	180
positional44,15,76,9,84-7-mobility0.30	0.32222222222222224	87	175	270
positional39,18,58,6,97-20-stable0.68	0.3055555555555556	22	49	72
positional39,18,58,6,97-20-mobility0.17	0.29444444444444445	53	121	180
positional39,18,58,6,97-22-greedy	0.28703703703703703	31	72	108
stable0.04	0.28174603174603174	71	174	252
positional44,15,76,9,84-11-stable0.45	0.2777777777777778	5	13	18
greedy	0.2777777777777778	10	25	36
stable0.04	0.2777777777777778	25	63	90
stable0.98	0.26851851851851855	29	76	108
stable0.04	0.2654320987654321	43	114	162
stable0.72	0.26495726495726496	62	162	234
stable0.48	0.25925925925925924	14	38	54
stable0.04	0.2569444444444444	37	104	144
positional39,18,58,6,97-24-corners	0.25	9	25	36
stable0.12	0.24691358024691357	40	114	162
positional56,30,53,5,99-14-greedy	0.24444444444444444	22	65	90
positional50,25,55,10,95-7-greedy	0.24074074074074073	13	38	54
positional50,25,55,10,95-14-greedy	0.24074074074074073	26	81	108
stable0.04	0.22916666666666666	66	213	288
stable0.27	0.22839506172839505	37	122	162
stable0.72	0.2222222222222222	28	95	126
corners	0.21666666666666667	39	138	180
positional48,31,62,7,81-17-greedy	0.21212121212121213	42	149	198
positional57,19,55,12,81-18-mobility0.97	0.16666666666666666	3	14	18
