positional43,19,66,13,81	NaN	0	0	0
positional43,19,66,13,81	NaN	0	0	0
positional54,25,72,12,80-9-corners	NaN	0	0	0
positional50,28,55,8,89	NaN	0	0	0
stable0.56	NaN	0	0	0
positional43,19,66,13,81	NaN	0	0	0
positional50,28,55,8,89-11-positional59,22,64,7,88	0.7222222222222222	13	4	18
positional33,28,76,13,96	0.6666666666666666	12	5	18
positional38,24,77,12,81	0.5902777777777778	85	55	144
positional56,30,53,5,99	0.5833333333333334	105	68	180
positional43,19,66,13,81	0.5757575757575758	114	79	198
positional54,25,72,12,80-22-positional39,15,66,4,95	0.5740740740740741	31	23	54
positional43,19,66,13,81	0.5555555555555556	40	27	72
positional56,15,61,2,82-15-positional56,17,67,12,90	0.5555555555555556	40	31	72
positional50,28,55,8,89	0.5555555555555556	10	8	18
positional54,33,53,6,88	0.5470085470085471	128	96	234
positional43,19,66,13,81	0.5416666666666666	78	58	144
positional54,33,53,6,88	0.5416666666666666	117	94	216
positional54,25,72,12,80	0.5396825396825397	136	113	252
positional50,28,55,8,89	0.5396825396825397	136	106	252
positional56,30,53,5,99-0-mobility0.17	0.5388888888888889	97	76	180
positional54,33,53,6,88-0-positional47,15,54,13,94	0.5388888888888889	97	82	180
positional54,25,72,12,80	0.5384615384615384	126	96	234
positional43,19,66,13,81	0.5347222222222222	154	122	288
positional56,30,53,5,99	0.5333333333333333	144	117	270
positional54,33,53,6,88	0.5277777777777778	76	63	144
stable0.72-16-positional55,32,58,1,95	0.5277777777777778	95	78	180
positional50,28,55,8,89	0.5277777777777778	76	63	144
positional44,30,51,9,99	0.5252525252525253	104	87	198
positional50,28,55,8,89	0.5231481481481481	113	95	216
positional50,28,55,8,89-0-positional56,17,67,12,90	0.5231481481481481	113	96	216
positional47,32,67,1,95	0.5166666666666667	93	81	180
positional43,19,66,13,81	0.5138888888888888	37	32	72
positional50,28,55,8,89	0.5138888888888888	74	69	144
positional54,33,53,6,88	0.5069444444444444	73	66	144
positional50,28,55,8,89	0.5	9	8	18
positional43,19,66,13,81	0.5	9	9	18
positional56,30,53,5,99	0.5	9	9	18
positional54,33,53,6,88	0.49603174603174605	125	120	252
positional43,19,66,13,81	0.46296296296296297	25	28	54
positional44,30,51,9,99-14-positional50,24,52,0,94	0.4583333333333333	33	37	72
positional54,33,53,6,88	0.4513888888888889	65	71	144
positional50,28,55,8,89-12-mobility0.32	0.3333333333333333	18	35	54
positional54,33,53,6,88-9-greedy	0.3333333333333333	12	24	36
positional50,28,55,8,89-23-greedy	0.2777777777777778	15	36	54
positional50,28,55,8,89-10-corners	0.2638888888888889	19	48	72
positional54,25,72,12,80-16-mobility0.52	0.25925925925925924	14	38	54
corners-11-mobility0.51	0.25252525252525254	50	144	198
positional33,23,71,9,86-18-mobility0.97	0.25	45	128	180
positional54,25,72,12,80-14-greedy	0.24074074074074073	52	156	216
positional43,19,66,13,81-7-greedy	0.2361111111111111	34	104	144
positional56,30,53,5,99-23-greedy	0.2175925925925926	47	161	216
positional50,28,55,8,89-20-stable0.68	0.2074074074074074	56	201	270
positional50,28,55,8,89-14-corners	0.19444444444444445	21	83	108
positional54,33,53,6,88-24-corners	0.19444444444444445	21	84	108
greedy	0.1919191919191919	38	149	198
positional54,33,53,6,88-24-corners	0.18888888888888888	17	73	90
stable0.27	0.18181818181818182	36	158	198
positional50,28,55,8,89-13-corners	0.16666666666666666	3	13	18
positional43,19,66,13,81-19-corners	0.1111111111111111	2	16	18
