positional33,22,74,2,90	NaN	0	0	0
positional43,16,63,10,87	NaN	0	0	0
positional58,23,61,9,92	NaN	0	0	0
positional48,19,58,10,97-18-mobility0.41	NaN	0	0	0
positional49,25,60,6,87	NaN	0	0	0
positional44,26,58,13,96	NaN	0	0	0
positional49,25,60,6,87-15-mobility0.87	NaN	0	0	0
positional44,26,58,13,96	NaN	0	0	0
positional54,25,72,12,80	NaN	0	0	0
positional49,25,60,6,87	NaN	0	0	0
corners-13-greedy	NaN	0	0	0
positional33,22,74,2,90	0.6944444444444444	25	11	36
positional49,25,60,6,87	0.6388888888888888	23	13	36
positional49,25,60,6,87	0.6018518518518519	65	41	108
positional49,25,60,6,87	0.5952380952380952	75	46	126
positional56,15,61,2,82	0.5648148148148148	122	86	216
positional56,30,53,5,99-0-positional56,17,67,12,90	0.5617283950617284	91	64	162
positional48,19,58,10,97	0.5611111111111111	101	76	180
positional33,22,74,2,90	0.5595238095238095	141	100	252
positional49,25,60,6,87	0.5444444444444444	98	81	180
positional56,15,61,2,82	0.5444444444444444	49	40	90
positional49,25,60,6,87	0.5432098765432098	88	65	162
positional49,25,60,6,87-15-positional56,17,67,12,90	0.5407407407407407	146	111	270
positional44,26,58,13,96	0.5396825396825397	68	48	126
positional49,25,60,6,87-0-greedy	0.5388888888888889	97	73	180
positional44,26,58,13,96	0.5370370370370371	87	69	162
positional49,25,60,6,87-16-positional55,32,58,1,95	0.5347222222222222	77	62	144
positional49,25,60,6,87	0.5341880341880342	125	99	234
positional49,25,60,6,87-0-positional56,17,67,12,90	0.5222222222222223	47	39	90
positional33,22,74,2,90	0.5222222222222223	94	82	180
positional44,26,58,13,96	0.5185185185185185	112	98	216
positional33,28,76,13,96-0-mobility0.17	0.5173611111111112	149	130	288
positional49,25,60,6,87	0.5123456790123457	83	76	162
positional44,26,58,13,96	0.5111111111111111	92	82	180
positional49,25,60,6,87	0.49074074074074076	53	53	108
positional49,25,60,6,87-12-mobility0.40	0.4444444444444444	8	9	18
greedy-17-mobility0.06	0.4444444444444444	24	27	54
positional43,16,63,10,87	0.4027777777777778	29	36	72
mobility0.09	0.3819444444444444	55	83	144
positional44,26,58,13,96-14-mobility0.33	0.35185185185185186	38	66	108
positional44,26,58,13,96-6-corners	0.3333333333333333	36	69	108
mobility0.62	0.3333333333333333	30	55	90
positional33,22,74,2,90-23-greedy	0.32222222222222224	29	60	90
positional33,22,74,2,90-18-greedy	0.3055555555555556	44	95	144
positional44,26,58,13,96-12-stable0.08	0.2916666666666667	21	50	72
greedy	0.28888888888888886	26	61	90
greedy-7-mobility0.80	0.2828282828282828	56	132	198
positional33,22,74,2,90-22-corners	0.2777777777777778	15	38	54
positional49,25,60,6,87-23-greedy	0.2777777777777778	45	112	162
stable0.56	0.2777777777777778	25	60	90
greedy	0.2638888888888889	38	104	144
corners	0.25555555555555554	23	63	90
positional49,25,60,6,87-7-corners	0.25	18	50	72
greedy-22-corners	0.25	9	26	36
greedy	0.25	27	78	108
positional44,26,58,13,96-16-mobility0.52	0.24242424242424243	48	148	198
positional44,26,58,13,96-14-corners	0.22727272727272727	45	148	198
corners	0.2264957264957265	53	173	234
positional49,25,60,6,87-9-corners	0.2175925925925926	47	158	216
positional52,32,68,14,86-22-corners	0.18888888888888888	34	140	180
