corners	NaN	0	0	0
positional33,31,72,11,86	NaN	0	0	0
mobility0.42-21-stable0.31	NaN	0	0	0
positional33,31,72,11,86	NaN	0	0	0
positional31,29,57,10,88	NaN	0	0	0
greedy-22-positional47,16,67,3,90	NaN	0	0	0
positional56,32,73,11,80	0.7129629629629629	77	29	108
positional33,31,72,11,86	0.6851851851851852	37	15	54
positional33,31,72,11,86	0.6458333333333334	93	48	144
positional33,22,74,2,90-15-positional48,15,67,9,82	0.6296296296296297	34	17	54
positional33,22,74,2,90	0.625	45	26	72
positional33,22,74,2,90	0.625	45	26	72
positional37,30,70,3,86	0.6111111111111112	11	6	18
positional33,31,72,11,86-12-positional59,22,64,7,88	0.6111111111111112	88	53	144
positional33,31,72,11,86	0.6018518518518519	65	40	108
positional37,30,70,3,86	0.5879629629629629	127	81	216
positional33,31,72,11,86	0.5814814814814815	157	102	270
positional33,22,74,2,90	0.5694444444444444	123	84	216
positional33,22,74,2,90	0.5683760683760684	133	90	234
positional33,31,72,11,86	0.5606060606060606	111	78	198
positional33,31,72,11,86	0.5555555555555556	10	5	18
positional56,15,61,2,82-0-mobility0.87	0.5555555555555556	140	100	252
positional37,30,70,3,86	0.5486111111111112	79	63	144
positional33,22,74,2,90-15-positional56,17,67,12,90	0.5370370370370371	116	91	216
positional33,22,74,2,90	0.5347222222222222	77	65	144
positional37,30,70,3,86	0.5317460317460317	67	51	126
positional33,31,72,11,86	0.5277777777777778	95	77	180
positional33,22,74,2,90-0-mobility0.41	0.5151515151515151	102	92	198
positional33,31,72,11,86-17-mobility0.19	0.5	18	18	36
positional37,30,70,3,86-10-stable0.38	0.37777777777777777	34	53	90
positional33,22,74,2,90-9-corners	0.36666666666666664	33	53	90
positional33,31,72,11,86-14-mobility0.33	0.362962962962963	98	163	270
positional49,31,77,11,93-17-stable0.38	0.35714285714285715	45	78	126
corners	0.35555555555555557	32	56	90
stable0.78	0.35185185185185186	19	33	54
mobility0.69	0.3425925925925926	37	66	108
mobility0.87	0.3333333333333333	12	22	36
positional33,22,74,2,90-9-stable0.75	0.3333333333333333	18	35	54
positional37,30,70,3,86-17-mobility0.28	0.3333333333333333	6	12	18
mobility0.62	0.32407407407407407	35	69	108
greedy-8-corners	0.32222222222222224	29	58	90
corners	0.3194444444444444	23	48	72
greedy	0.2962962962962963	64	149	216
positional33,22,74,2,90-9-corners	0.2905982905982906	68	157	234
corners	0.2878787878787879	57	133	198
stable0.03	0.28703703703703703	31	76	108
positional33,31,72,11,86-12-stable0.25	0.2833333333333333	51	121	180
mobility0.42	0.2777777777777778	5	12	18
stable0.39	0.2777777777777778	40	99	144
stable0.78	0.2708333333333333	39	103	144
greedy	0.26666666666666666	24	62	90
positional58,23,61,9,92-22-corners	0.2638888888888889	76	206	288
positional37,30,70,3,86-11-mobility0.40	0.25757575757575757	51	140	198
positional37,30,70,3,86-14-corners	0.25	27	75	108
stable0.77	0.25	9	25	36
greedy-0-positional56,17,67,12,90	0.2388888888888889	43	132	180
greedy	0.23333333333333334	21	64	90
greedy	0.21666666666666667	39	135	180
greedy	0.2152777777777778	31	107	144
stable0.29	0.20833333333333334	15	53	72
