positional39,23,74,12,95-5-greedy	NaN	0	0	0
positional39,23,74,12,95	NaN	0	0	0
positional39,23,74,12,95	NaN	0	0	0
positional30,26,55,7,86-12-greedy	NaN	0	0	0
positional39,23,74,12,95	0.8888888888888888	16	2	18
positional39,23,74,12,95	0.6666666666666666	24	11	36
positional32,19,52,14,96	0.6604938271604939	107	52	162
positional37,21,56,7,80	0.6481481481481481	105	54	162
positional30,26,55,7,86	0.6388888888888888	92	45	144
positional39,23,74,12,95	0.6333333333333333	57	29	90
positional31,24,62,7,89-21-positional50,23,57,13,87	0.626984126984127	79	40	126
positional30,26,55,7,86	0.6111111111111112	33	18	54
positional32,19,52,14,96	0.5888888888888889	53	33	90
positional37,21,56,7,80	0.5802469135802469	94	64	162
positional32,19,52,14,96	0.5802469135802469	94	65	162
positional39,23,74,12,95-0-positional47,16,67,3,90	0.5802469135802469	94	64	162
positional56,32,73,11,80	0.5777777777777777	52	37	90
positional39,23,74,12,95	0.5757575757575758	114	77	198
positional30,26,55,7,86	0.5740740740740741	93	63	162
positional39,23,74,12,95	0.5714285714285714	72	48	126
positional32,19,52,14,96	0.5666666666666667	102	74	180
positional39,23,74,12,95	0.5634920634920635	142	101	252
positional32,19,52,14,96	0.5617283950617284	91	65	162
positional32,19,52,14,96	0.5617283950617284	91	66	162
positional32,19,52,14,96	0.5555555555555556	110	79	198
positional39,23,74,12,95	0.5555555555555556	60	46	108
positional39,23,74,12,95	0.5444444444444444	98	74	180
positional56,32,73,11,80	0.5333333333333333	48	37	90
positional39,23,74,12,95	0.5222222222222223	47	39	90
positional32,19,52,14,96	0.5185185185185185	84	71	162
positional32,19,52,14,96	0.5069444444444444	73	66	144
corners	0.4444444444444444	8	9	18
positional37,21,56,7,80-9-mobility0.64	0.4	36	50	90
mobility0.60	0.3888888888888889	42	60	108
positional32,34,52,8,87-19-greedy	0.3611111111111111	39	68	108
corners	0.35185185185185186	19	34	54
greedy	0.3425925925925926	37	68	108
positional56,32,73,11,80-10-greedy	0.3333333333333333	48	95	144
corners	0.3333333333333333	6	12	18
greedy-8-greedy	0.3333333333333333	12	21	36
stable0.03	0.3282828282828283	65	128	198
greedy	0.32222222222222224	58	118	180
greedy-6-corners	0.32222222222222224	29	57	90
mobility0.69	0.32051282051282054	75	154	234
stable0.77-0-positional39,15,66,4,95	0.3111111111111111	56	122	180
mobility0.57	0.3111111111111111	28	59	90
positional56,32,73,11,80-20-stable0.65	0.2962962962962963	64	149	216
positional39,23,74,12,95-17-mobility0.19	0.2962962962962963	48	112	162
stable0.39-0-positional56,17,67,12,90	0.28888888888888886	52	125	180
positional32,19,52,14,96-8-greedy	0.28888888888888886	26	63	90
stable0.78-9-stable0.75	0.2851851851851852	77	186	270
mobility0.87	0.28205128205128205	66	165	234
positional39,23,74,12,95-22-greedy	0.2619047619047619	33	89	126
stable0.29	0.25757575757575757	51	143	198
corners	0.25	54	158	216
positional30,26,55,7,86-20-corners	0.25	9	25	36
positional32,19,52,14,96-15-stable0.25	0.23148148148148148	25	81	108
positional39,23,74,12,95-10-stable0.38	0.22916666666666666	33	105	144
positional56,32,73,11,80-11-corners	0.2222222222222222	32	104	144
greedy-9-corners	0.21717171717171718	43	154	198
