positional37,17,51,2,85	NaN	0	0	0
positional55,28,66,0,99	NaN	0	0	0
stable0.90	NaN	0	0	0
positional37,17,51,2,85	NaN	0	0	0
positional39,31,56,13,92-23-positional33,19,57,6,83	0.8333333333333334	15	2	18
positional37,17,51,2,85	0.75	27	9	36
positional37,17,51,2,85	0.6666666666666666	12	5	18
positional42,17,70,6,83	0.6190476190476191	78	45	126
positional39,31,56,13,92-22-positional55,30,60,7,97	0.6111111111111112	11	6	18
positional37,17,51,2,85	0.6111111111111112	44	26	72
positional55,28,66,0,99	0.5873015873015873	74	50	126
positional42,17,70,6,83	0.5833333333333334	21	15	36
positional36,25,70,2,91	0.5617283950617284	91	65	162
positional42,17,70,6,83	0.5555555555555556	90	66	162
positional42,17,70,6,83	0.5515873015873016	139	104	252
positional37,17,51,2,85	0.55	99	76	180
positional37,23,71,9,85-0-positional39,15,66,4,95	0.5416666666666666	39	32	72
positional37,17,51,2,85-10-positional57,34,73,9,96	0.5396825396825397	68	54	126
positional37,23,71,9,85	0.5347222222222222	77	65	144
positional37,17,51,2,85	0.5308641975308642	86	71	162
positional37,17,51,2,85	0.5308641975308642	86	70	162
positional37,17,51,2,85	0.5231481481481481	113	94	216
positional39,31,56,13,92	0.5202020202020202	103	89	198
positional37,17,51,2,85	0.5	63	57	126
positional55,28,66,0,99	0.5	54	46	108
positional37,17,51,2,85	0.5	81	76	162
positional36,25,70,2,91	0.5	81	77	162
positional37,17,51,2,85	0.5	90	83	180
positional36,25,70,2,91	0.5	18	17	36
positional42,17,70,6,83	0.4888888888888889	44	41	90
positional37,17,51,2,85	0.48412698412698413	61	60	126
positional36,25,70,2,91	0.4444444444444444	80	88	180
greedy	0.3888888888888889	14	20	36
positional39,31,56,13,92-12-stable0.37	0.3611111111111111	13	23	36
corners-18-mobility0.17	0.35714285714285715	45	78	126
greedy	0.3492063492063492	44	79	126
stable0.11	0.3472222222222222	50	92	144
positional37,17,51,2,85-24-greedy	0.3425925925925926	37	65	108
corners	0.3333333333333333	18	35	54
greedy-21-mobility0.61	0.32407407407407407	35	69	108
positional39,31,56,13,92-24-corners	0.3194444444444444	23	47	72
positional37,23,71,9,85-15-greedy	0.3194444444444444	23	46	72
positional42,17,70,6,83-21-greedy	0.3111111111111111	56	120	180
positional36,25,70,2,91-8-greedy	0.3055555555555556	44	95	144
positional37,23,71,9,85-11-mobility0.79	0.2962962962962963	16	31	54
positional37,17,51,2,85-11-corners	0.28888888888888886	52	124	180
mobility0.57-0-positional42,28,71,12,88	0.2839506172839506	46	114	162
positional37,23,71,9,85-5-corners	0.2777777777777778	35	87	126
positional37,17,51,2,85-12-mobility0.83	0.2777777777777778	25	63	90
greedy-14-greedy	0.2777777777777778	25	60	90
stable0.83-22-greedy	0.2716049382716049	44	115	162
corners	0.2716049382716049	44	111	162
positional37,17,51,2,85-20-corners	0.2638888888888889	19	52	72
positional37,23,71,9,85-8-greedy	0.25252525252525254	50	138	198
stable0.37	0.24074074074074073	26	76	108
positional42,17,70,6,83-24-stable0.93	0.24074074074074073	13	38	54
greedy	0.2222222222222222	60	204	270
positional37,23,71,9,85-7-corners	0.20833333333333334	15	54	72
greedy	0.19444444444444445	7	29	36
positional37,17,51,2,85-17-stable0.87	0.1111111111111111	2	13	18
