positional36,31,69,6,84	NaN	0	0	0
positional39,31,56,13,92	NaN	0	0	0
positional36,31,69,6,84	0.7777777777777778	14	3	18
positional39,23,58,1,88	0.6296296296296297	34	19	54
positional39,23,58,1,88	0.6161616161616161	122	72	198
positional54,32,54,7,90	0.6111111111111112	11	6	18
positional59,33,54,2,82	0.6111111111111112	110	64	180
positional36,31,69,6,84	0.5888888888888889	106	69	180
positional59,33,54,2,82	0.5763888888888888	83	57	144
positional39,23,58,1,88	0.5757575757575758	114	81	198
positional39,23,58,1,88	0.5740740740740741	93	64	162
positional39,23,58,1,88	0.5707070707070707	113	79	198
positional39,23,58,1,88	0.5694444444444444	82	60	144
positional59,33,54,2,82	0.5694444444444444	41	28	72
positional58,26,53,11,86	0.5634920634920635	71	50	126
positional59,33,54,2,82	0.5555555555555556	90	61	162
positional39,31,56,13,92	0.5515873015873016	139	101	252
positional39,31,56,13,92	0.5493827160493827	89	68	162
positional58,26,53,11,86	0.5444444444444444	98	77	180
positional36,31,69,6,84	0.5416666666666666	117	93	216
positional36,31,69,6,84	0.5370370370370371	58	47	108
positional36,31,69,6,84-18-positional44,28,69,13,88	0.5370370370370371	58	47	108
greedy-14-positional36,21,60,4,85	0.5370370370370371	29	21	54
positional39,31,56,13,92	0.5303030303030303	105	82	198
positional59,33,54,2,82	0.5277777777777778	114	96	216
positional36,31,69,6,84	0.5238095238095238	66	53	126
positional39,31,56,13,92	0.5119047619047619	129	117	252
positional36,31,69,6,84	0.5111111111111111	92	79	180
positional39,31,56,13,92-0-stable0.31	0.51010101010101	101	89	198
positional36,24,79,9,81	0.5055555555555555	91	80	180
positional36,24,79,9,81	0.5	18	18	36
stable0.72-6-mobility0.33	0.5	36	34	72
mobility0.15	0.5	9	9	18
positional36,31,69,6,84	0.5	36	35	72
positional36,31,69,6,84-0-positional33,19,57,6,83	0.5	81	72	162
positional59,33,54,2,82	0.4722222222222222	68	67	144
positional59,33,54,2,82-17-positional56,16,69,11,99	0.3888888888888889	7	8	18
positional58,26,53,11,86-14-greedy	0.35185185185185186	57	103	162
positional36,31,69,6,84-19-corners	0.3333333333333333	18	34	54
positional36,24,79,9,81-9-mobility0.68	0.32222222222222224	58	116	180
positional58,26,53,11,86-21-greedy	0.3148148148148148	34	70	108
positional36,31,69,6,84-6-greedy	0.3125	45	97	144
positional36,31,69,6,84-10-stable0.99	0.3111111111111111	28	60	90
greedy	0.30952380952380953	39	85	126
greedy-0-stable0.31	0.2878787878787879	57	135	198
greedy	0.2863247863247863	67	161	234
greedy	0.28174603174603174	71	173	252
positional36,31,69,6,84-15-stable0.84	0.26666666666666666	24	63	90
positional36,31,69,6,84-5-mobility0.89	0.26666666666666666	24	60	90
positional36,24,79,9,81-12-mobility0.83	0.2619047619047619	33	89	126
positional36,31,69,6,84-21-greedy	0.25555555555555554	46	124	180
positional59,33,54,2,82-22-greedy	0.2222222222222222	40	135	180
positional36,31,69,6,84-18-stable0.98	0.2222222222222222	4	14	18
positional59,33,54,2,82-17-mobility0.41	0.2222222222222222	20	66	90
positional39,23,58,1,88-7-corners	0.2037037037037037	22	85	108
corners	0.19696969696969696	39	153	198
positional36,24,79,9,81-9-greedy	0.19444444444444445	21	83	108
positional39,31,56,13,92-9-greedy	0.19444444444444445	14	58	72
stable0.37	0.17592592592592593	19	86	108
greedy-22-corners	0.14814814814814814	8	45	54
