positional45,27,69,4,83	NaN	0	0	0
positional45,27,69,4,83-13-stable0.24	NaN	0	0	0
positional36,24,79,9,81	NaN	0	0	0
positional45,27,69,4,83	NaN	0	0	0
corners	NaN	0	0	0
greedy	NaN	0	0	0
positional45,27,69,4,83	NaN	0	0	0
positional57,30,66,0,96	0.7777777777777778	14	4	18
corners-18-positional49,32,56,13,98	0.7222222222222222	26	9	36
positional37,18,69,11,88	0.6944444444444444	50	21	72
positional37,18,69,11,88	0.5987654320987654	97	57	162
positional57,30,66,0,96	0.5925925925925926	32	20	54
positional37,18,69,11,88	0.5925925925925926	32	19	54
positional58,26,53,11,86	0.5864197530864198	95	63	162
positional58,26,53,11,86-21-positional36,21,60,4,85	0.5833333333333334	84	55	144
stable0.85-14-positional49,20,50,2,87	0.5606060606060606	111	84	198
positional58,26,53,11,86	0.5555555555555556	50	38	90
positional45,27,69,4,83	0.5555555555555556	110	79	198
positional37,18,69,11,88	0.55	99	80	180
positional37,18,69,11,88	0.55	99	77	180
positional37,18,69,11,88	0.5470085470085471	128	96	234
positional56,16,62,11,98	0.5432098765432098	88	66	162
positional37,18,69,11,88	0.5432098765432098	88	69	162
positional36,24,79,9,81	0.5370370370370371	29	25	54
positional37,18,69,11,88	0.5370370370370371	29	25	54
positional45,27,69,4,83	0.5353535353535354	106	83	198
positional37,18,69,11,88	0.5317460317460317	67	58	126
positional58,26,53,11,86	0.5308641975308642	86	73	162
positional37,18,69,11,88	0.5256410256410257	123	102	234
positional56,16,62,11,98	0.5252525252525253	104	83	198
positional54,32,54,7,90	0.5252525252525253	104	84	198
positional56,16,62,11,98	0.5222222222222223	47	38	90
positional57,30,66,0,96	0.5202020202020202	103	84	198
positional56,16,62,11,98-0-positional42,28,71,12,88	0.5163398692810458	158	137	306
positional36,24,79,9,81-0-positional42,28,71,12,88	0.5151515151515151	102	86	198
positional56,16,62,11,98	0.5	72	70	144
positional57,30,66,0,96	0.5	45	38	90
positional45,27,69,4,83	0.4898989898989899	97	91	198
positional54,32,54,7,90-14-mobility0.22	0.3888888888888889	7	10	18
positional37,24,60,14,86-19-greedy	0.35185185185185186	19	35	54
positional56,16,62,11,98-9-stable0.67	0.3333333333333333	6	12	18
positional37,18,69,11,88-18-mobility0.33	0.3271604938271605	53	105	162
positional45,27,69,4,83-5-corners	0.3055555555555556	11	23	36
positional37,18,69,11,88-15-stable0.25	0.3055555555555556	33	71	108
mobility0.72	0.30158730158730157	38	86	126
positional37,18,69,11,88-18-greedy	0.26666666666666666	24	66	90
positional37,18,69,11,88-7-greedy	0.2638888888888889	57	154	216
positional37,18,69,11,88-9-greedy	0.25925925925925924	14	38	54
positional58,26,53,11,86-22-corners	0.25925925925925924	56	158	216
stable0.51-23-mobility0.92	0.25	45	128	180
positional40,20,71,14,95-21-greedy	0.25	9	26	36
positional56,16,62,11,98-9-mobility0.41	0.23412698412698413	59	184	252
positional56,16,62,11,98-13-corners	0.2222222222222222	4	14	18
positional54,32,54,7,90-20-corners	0.20987654320987653	34	118	162
positional37,18,69,11,88-19-corners	0.2	36	141	180
greedy-14-stable0.99	0.19696969696969696	39	155	198
positional56,16,62,11,98-11-stable0.74	0.19444444444444445	28	109	144
corners-14-corners	0.18888888888888888	17	71	90
positional45,27,69,4,83-17-greedy	0.18333333333333332	33	140	180
positional57,30,66,0,96-5-corners	0.16666666666666666	6	30	36
