positional52,25,72,11,85-5-mobility0.02	NaN	0	0	0
positional31,16,66,1,89	NaN	0	0	0
positional31,16,66,1,89	NaN	0	0	0
positional46,30,73,11,88	NaN	0	0	0
positional31,16,66,1,89	NaN	0	0	0
positional40,18,73,9,99	NaN	0	0	0
positional46,30,73,11,88	0.7592592592592593	41	11	54
positional41,29,60,10,94	0.75	27	9	36
positional59,34,67,0,87	0.6666666666666666	24	11	36
positional39,18,79,10,96	0.6666666666666666	24	11	36
positional40,18,73,9,99	0.6666666666666666	48	19	72
positional52,25,72,11,85	0.626984126984127	79	41	126
positional46,30,73,11,88	0.6234567901234568	101	56	162
positional31,16,66,1,89	0.6222222222222222	56	31	90
positional41,29,60,10,94	0.6111111111111112	22	14	36
positional31,16,66,1,89	0.6018518518518519	65	38	108
positional31,16,66,1,89	0.5925925925925926	160	105	270
positional31,16,66,1,89-14-positional49,20,50,2,87	0.5888888888888889	53	36	90
positional40,18,73,9,99	0.5873015873015873	74	51	126
positional31,16,66,1,89	0.5873015873015873	74	46	126
positional54,32,54,7,90	0.5833333333333334	21	15	36
positional31,16,66,1,89	0.5753968253968254	145	102	252
positional46,30,73,11,88	0.5714285714285714	144	104	252
positional52,25,72,11,85-21-positional36,21,60,4,85	0.5641025641025641	132	97	234
positional40,18,73,9,99	0.5555555555555556	60	43	108
positional40,18,73,9,99	0.5486111111111112	79	57	144
positional40,18,73,9,99-18-positional49,32,56,13,98	0.5481481481481482	148	117	270
positional52,25,72,11,85	0.5370370370370371	29	25	54
positional41,29,60,10,94-18-positional49,32,56,13,98	0.5347222222222222	77	65	144
positional59,34,67,0,87	0.5341880341880342	125	98	234
positional54,32,54,7,90	0.5246913580246914	85	75	162
positional46,30,73,11,88-21-mobility0.55	0.5	9	8	18
corners-14-positional31,32,66,10,97	0.4722222222222222	17	19	36
mobility0.17	0.4126984126984127	52	73	126
corners	0.4074074074074074	22	32	54
positional41,29,60,10,94-7-mobility0.06	0.3888888888888889	56	85	144
positional52,25,72,11,85-11-mobility0.36	0.35555555555555557	32	53	90
mobility0.73	0.35555555555555557	32	57	90
positional31,16,66,1,89-8-corners	0.3492063492063492	44	80	126
greedy	0.3472222222222222	25	44	72
stable0.85-23-mobility0.92	0.3395061728395062	55	103	162
corners-15-corners	0.3333333333333333	30	59	90
corners	0.3333333333333333	54	105	162
positional40,18,73,9,99-17-stable0.32	0.3253968253968254	41	83	126
greedy	0.3194444444444444	23	48	72
mobility0.72	0.30864197530864196	50	110	162
positional41,29,60,10,94-18-greedy	0.3034188034188034	71	160	234
positional40,20,71,14,95-21-corners	0.30158730158730157	38	84	126
positional31,16,66,1,89-7-corners	0.2916666666666667	21	46	72
positional31,16,66,1,89-18-stable0.72	0.29012345679012347	47	108	162
stable0.51-15-corners	0.2777777777777778	30	78	108
positional52,25,72,11,85-18-greedy	0.2777777777777778	20	50	72
positional54,32,54,7,90-14-greedy	0.2743055555555556	79	201	288
stable0.78	0.25555555555555554	46	129	180
corners	0.2474747474747475	49	146	198
positional46,30,73,11,88-14-corners	0.24691358024691357	40	119	162
corners	0.24358974358974358	57	174	234
positional31,16,66,1,89-9-corners	0.23737373737373738	47	146	198
positional31,16,66,1,89-13-corners	0.2345679012345679	38	120	162
positional31,16,66,1,89-13-stable0.94	0.20833333333333334	30	112	144
