positional43,24,52,9,89-19-positional46,18,70,6,89	NaN	0	0	0
positional51,22,62,4,85	NaN	0	0	0
positional43,25,69,2,88	NaN	0	0	0
positional57,19,68,9,81	NaN	0	0	0
mobility0.56-7-mobility0.53	NaN	0	0	0
positional51,22,62,4,85	0.7222222222222222	13	5	18
positional53,29,52,8,83	0.6944444444444444	25	9	36
positional56,18,78,10,92	0.6388888888888888	46	25	72
positional53,29,52,8,83	0.6157407407407407	133	77	216
positional53,29,52,8,83	0.6111111111111112	66	34	108
positional53,29,52,8,83	0.6	54	35	90
positional56,18,78,10,92	0.5902777777777778	85	55	144
positional56,18,78,10,92	0.5802469135802469	94	64	162
positional43,24,52,9,89-0-positional31,32,66,10,97	0.5777777777777777	52	35	90
positional53,29,52,8,83	0.5740740740740741	62	42	108
positional59,34,67,0,87	0.5694444444444444	41	30	72
positional53,29,52,8,83	0.5694444444444444	123	86	216
positional53,29,52,8,83	0.5694444444444444	41	28	72
positional53,29,52,8,83	0.5611111111111111	101	73	180
positional53,29,52,8,83	0.5555555555555556	100	73	180
positional43,25,69,2,88	0.55	99	77	180
positional53,29,52,8,83	0.5416666666666666	117	92	216
positional54,32,54,7,90	0.5370370370370371	87	71	162
positional53,29,52,8,83	0.5370370370370371	87	73	162
positional56,18,78,10,92	0.5333333333333333	48	38	90
positional53,29,52,8,83	0.5303030303030303	105	88	198
positional43,24,52,9,89	0.5277777777777778	19	16	36
positional43,24,52,9,89	0.5277777777777778	19	16	36
positional56,18,78,10,92	0.5256410256410257	123	100	234
positional53,29,52,8,83	0.5238095238095238	66	54	126
positional51,22,62,4,85	0.5231481481481481	113	94	216
positional53,29,52,8,83	0.5151515151515151	102	88	198
positional51,22,62,4,85	0.5079365079365079	64	56	126
positional43,25,69,2,88-21-positional49,20,50,2,87	0.49537037037037035	107	99	216
positional53,29,52,8,83-12-positional59,15,60,12,90	0.49074074074074076	53	51	108
positional53,29,52,8,83	0.49074074074074076	53	54	108
positional51,22,62,4,85	0.4444444444444444	16	18	36
positional53,29,52,8,83-17-corners	0.3888888888888889	14	21	36
positional53,29,52,8,83-14-mobility0.03	0.3611111111111111	26	42	72
positional51,22,62,4,85-10-mobility0.90	0.3611111111111111	26	45	72
positional58,27,53,3,98-24-greedy	0.3333333333333333	24	46	72
positional53,29,52,8,83-5-mobility0.68	0.32407407407407407	35	71	108
corners	0.3148148148148148	34	70	108
mobility0.17	0.3	54	123	180
corners-14-mobility0.50	0.2962962962962963	16	37	54
positional53,29,52,8,83-23-stable0.76	0.29012345679012347	47	112	162
positional53,29,52,8,83-7-mobility0.82	0.2777777777777778	25	61	90
greedy-24-mobility0.88	0.25925925925925924	14	38	54
positional53,29,52,8,83-15-corners	0.25396825396825395	32	91	126
positional56,18,78,10,92-9-stable0.72	0.2474747474747475	49	148	198
corners-0-positional36,21,60,4,85	0.24444444444444444	44	132	180
corners	0.24074074074074073	39	118	162
corners	0.2361111111111111	34	107	144
stable0.78-0-positional36,21,60,4,85	0.22962962962962963	62	201	270
mobility0.73	0.2222222222222222	28	94	126
stable0.23	0.2222222222222222	24	82	108
stable0.51	0.2037037037037037	44	163	216
stable0.77	0.2037037037037037	33	122	162
stable0.10	0.16666666666666666	18	86	108
greedy	0.1388888888888889	15	90	108
