mobility0.68-16-positional33,15,79,10,92	NaN	0	0	0
mobility0.41	NaN	0	0	0
greedy	NaN	0	0	0
positional59,30,75,10,82	0.6388888888888888	23	12	36
corners-22-positional55,24,63,9,88	0.6296296296296297	34	17	54
greedy-21-positional55,24,63,9,88	0.5987654320987654	97	58	162
positional33,34,66,6,98-10-positional37,15,58,14,94	0.5854700854700855	137	90	234
positional48,29,52,2,85	0.5833333333333334	21	13	36
positional42,19,52,0,80	0.5740740740740741	93	66	162
positional44,19,55,4,95	0.5656565656565656	112	83	198
positional33,34,57,14,80	0.5625	81	59	144
stable0.08-14-positional55,34,71,5,93	0.5611111111111111	101	75	180
positional44,19,55,4,95-23-positional40,25,78,8,98	0.5555555555555556	140	106	252
mobility0.72	0.5555555555555556	10	7	18
positional48,29,52,2,85	0.5555555555555556	120	93	216
positional44,19,55,4,95	0.5555555555555556	110	82	198
positional39,33,78,8,88-0-mobility0.90	0.5493827160493827	89	63	162
positional33,34,57,14,80	0.5493827160493827	89	70	162
positional44,19,55,4,95	0.5476190476190477	69	54	126
positional43,16,73,5,89-21-positional55,24,63,9,88	0.5462962962962963	59	46	108
positional44,19,55,4,95	0.5444444444444444	49	40	90
positional48,29,52,2,85-9-positional37,15,58,14,94	0.5444444444444444	98	77	180
positional48,29,52,2,85	0.5444444444444444	49	40	90
stable0.01-10-positional40,25,78,8,98	0.5416666666666666	39	30	72
positional50,27,56,9,96	0.5404040404040404	107	82	198
positional43,16,73,5,89	0.5370370370370371	29	20	54
positional59,30,75,10,82-0-positional52,25,71,10,86	0.5357142857142857	135	106	252
stable0.83-14-positional55,34,71,5,93	0.5333333333333333	144	114	270
positional48,29,52,2,85	0.5277777777777778	19	14	36
positional44,19,55,4,95-0-positional55,24,63,9,88	0.5238095238095238	66	55	126
positional33,34,66,6,98	0.5085470085470085	119	107	234
greedy-11-positional55,24,63,9,88	0.5	81	73	162
positional44,19,55,4,95	0.4876543209876543	79	78	162
positional42,19,52,0,80	0.47619047619047616	120	119	252
greedy-9-positional55,24,63,9,88	0.4722222222222222	17	19	36
stable0.55	0.3888888888888889	14	20	36
positional33,34,66,6,98-8-mobility0.29	0.3888888888888889	7	10	18
greedy	0.34444444444444444	62	111	180
mobility0.01-11-corners	0.3055555555555556	11	22	36
positional37,30,59,8,84-7-mobility0.18	0.29012345679012347	47	107	162
positional33,34,66,6,98-21-mobility0.33	0.2857142857142857	36	88	126
mobility0.36-12-greedy	0.2847222222222222	41	98	144
positional44,19,55,4,95-14-stable0.04	0.2824074074074074	61	144	216
positional42,19,52,0,80-22-corners	0.2777777777777778	5	13	18
positional44,19,55,4,95-16-corners	0.2654320987654321	43	116	162
positional56,20,56,12,99-10-stable0.11	0.2638888888888889	57	153	216
corners	0.25925925925925924	42	117	162
positional33,34,66,6,98-18-mobility0.54	0.25396825396825395	32	91	126
greedy	0.25396825396825395	32	92	126
positional50,27,56,9,96-23-stable0.39	0.25	18	52	72
stable0.56	0.24603174603174602	31	90	126
stable0.21	0.2345679012345679	38	117	162
positional50,27,56,9,96-6-corners	0.22839506172839505	37	120	162
greedy	0.2222222222222222	48	161	216
stable0.08-9-greedy	0.2222222222222222	4	13	18
positional50,27,56,9,96-23-greedy	0.2222222222222222	12	40	54
greedy-6-mobility0.94	0.21428571428571427	27	98	126
stable0.80	0.19444444444444445	14	55	72
greedy	0.16666666666666666	6	30	36
greedy-7-stable0.96	0.1388888888888889	5	29	36
