positional51,22,62,4,85	NaN	0	0	0
positional54,20,52,4,98	NaN	0	0	0
positional51,22,62,4,85	NaN	0	0	0
positional35,34,59,6,96	0.6666666666666666	24	10	36
positional33,28,68,13,88	0.6111111111111112	11	6	18
positional45,34,77,1,90	0.6111111111111112	22	14	36
positional33,28,68,13,88	0.6111111111111112	22	14	36
positional30,22,66,11,80	0.6111111111111112	11	7	18
positional57,19,68,9,81	0.6018518518518519	65	40	108
positional30,22,66,11,80	0.5833333333333334	21	14	36
positional30,22,66,11,80	0.5763888888888888	166	115	288
positional51,22,62,4,85	0.5763888888888888	83	55	144
positional30,22,66,11,80	0.5648148148148148	61	42	108
positional33,28,68,13,88	0.5555555555555556	10	8	18
positional51,22,62,4,85-17-positional33,23,65,14,90	0.5555555555555556	10	8	18
positional33,28,68,13,88	0.5476190476190477	69	53	126
positional35,34,59,6,96	0.5454545454545454	108	81	198
positional51,22,62,4,85	0.5444444444444444	147	114	270
positional30,22,66,11,80	0.5416666666666666	78	63	144
positional33,28,68,13,88	0.5384615384615384	126	102	234
positional34,18,62,13,96	0.5370370370370371	29	25	54
positional33,28,68,13,88	0.5308641975308642	172	141	324
positional33,28,68,13,88	0.5277777777777778	114	96	216
positional30,22,66,11,80	0.5246913580246914	85	70	162
positional33,28,68,13,88	0.5185185185185185	112	97	216
positional33,28,68,13,88	0.5138888888888888	74	66	144
positional30,22,66,11,80	0.5111111111111111	92	82	180
positional33,28,68,13,88	0.5079365079365079	64	59	126
positional54,20,52,4,98	0.5069444444444444	73	66	144
positional30,22,66,11,80	0.5	117	111	234
positional33,28,68,13,88	0.49382716049382713	80	81	162
positional33,28,68,13,88	0.4930555555555556	71	72	144
positional33,28,68,13,88-0-mobility0.88	0.4930555555555556	71	71	144
positional33,28,68,13,88	0.49206349206349204	62	60	126
positional33,28,68,13,88	0.49074074074074076	106	104	216
positional53,18,64,9,94	0.49074074074074076	53	51	108
positional43,25,69,2,88	0.48148148148148145	78	76	162
positional30,22,66,11,80	0.4722222222222222	34	37	72
positional43,25,69,2,88	0.4696969696969697	93	102	198
positional33,28,68,13,88	0.4444444444444444	8	10	18
positional51,22,62,4,85-0-mobility0.53	0.4444444444444444	80	89	180
positional33,28,68,13,88-0-mobility0.50	0.4305555555555556	62	74	144
mobility0.03	0.2777777777777778	5	13	18
positional33,28,68,13,88-7-mobility0.82	0.2708333333333333	39	98	144
positional33,28,68,13,88-10-mobility0.15	0.2569444444444444	37	105	144
positional30,22,66,11,80-6-mobility0.32	0.25	45	128	180
positional33,28,68,13,88-16-greedy	0.25	9	26	36
positional35,34,59,6,96-22-corners	0.2222222222222222	4	14	18
stable0.44	0.2222222222222222	4	13	18
greedy	0.2222222222222222	4	13	18
positional33,28,68,13,88-16-stable0.50	0.21428571428571427	27	95	126
positional33,28,68,13,88-23-stable0.76	0.21241830065359477	65	234	306
stable0.23	0.2111111111111111	38	136	180
positional33,28,68,13,88-15-greedy	0.20555555555555555	37	138	180
stable0.50-6-stable0.07	0.16666666666666666	6	28	36
greedy	0.16666666666666666	3	15	18
positional54,20,52,4,98-17-stable0.26	0.1574074074074074	17	87	108
greedy-24-corners	0.14814814814814814	8	45	54
corners	0.13333333333333333	12	73	90
positional54,20,52,4,98-24-greedy	0.12962962962962962	14	93	108
