positional50,24,65,7,99	NaN	0	0	0
positional31,31,51,0,97	NaN	0	0	0
positional36,26,59,5,82	NaN	0	0	0
positional50,27,64,5,95-11-positional32,17,53,6,83	NaN	0	0	0
positional42,18,63,8,94	0.7222222222222222	26	9	36
positional50,27,64,5,95	0.6944444444444444	25	11	36
positional50,27,64,5,95	0.6296296296296297	34	20	54
positional50,27,64,5,95	0.6203703703703703	67	39	108
positional50,27,64,5,95	0.6111111111111112	66	40	108
positional50,24,65,7,99	0.6055555555555555	109	66	180
positional30,33,68,4,94	0.6055555555555555	109	68	180
positional43,25,69,2,88	0.6031746031746031	76	46	126
positional50,27,64,5,95	0.6	54	34	90
positional50,24,65,7,99	0.5833333333333334	84	56	144
positional50,24,65,7,99	0.5833333333333334	84	55	144
positional50,19,61,7,99	0.5625	81	52	144
positional50,27,64,5,95	0.5617283950617284	91	66	162
positional50,19,61,7,99	0.5598290598290598	131	91	234
positional50,27,64,5,95	0.5555555555555556	60	45	108
positional50,19,61,7,99	0.5555555555555556	70	51	126
positional50,24,65,7,99	0.5555555555555556	80	60	144
positional34,18,62,13,96	0.5481481481481482	148	115	270
positional42,18,63,8,94	0.5370370370370371	58	45	108
positional50,24,65,7,99	0.5370370370370371	58	45	108
positional45,34,77,1,90	0.5370370370370371	145	122	270
positional50,27,64,5,95	0.5353535353535354	106	87	198
positional50,24,65,7,99	0.5277777777777778	38	33	72
positional50,27,64,5,95	0.5055555555555555	91	84	180
mobility0.03-17-positional33,23,65,14,90	0.5055555555555555	91	82	180
positional42,34,70,7,98	0.5	45	41	90
positional42,18,63,8,94-12-mobility0.56	0.42592592592592593	23	31	54
positional42,34,70,7,98-5-mobility0.53	0.42592592592592593	23	30	54
positional50,24,65,7,99-21-corners	0.3611111111111111	13	21	36
positional35,25,60,10,98-12-mobility0.33	0.35858585858585856	71	124	198
stable0.43-13-greedy	0.34444444444444444	31	56	90
mobility0.15	0.3402777777777778	49	91	144
stable0.01-9-stable0.07	0.3333333333333333	18	35	54
positional50,19,61,7,99-8-stable0.45	0.3333333333333333	42	84	126
positional42,18,63,8,94-18-greedy	0.3333333333333333	6	12	18
positional50,24,65,7,99-18-stable0.18	0.3194444444444444	23	47	72
positional57,19,68,9,81-21-mobility0.90	0.3111111111111111	28	62	90
positional42,18,63,8,94-22-corners	0.30158730158730157	38	86	126
greedy-13-corners	0.2962962962962963	48	109	162
positional35,17,54,1,80-20-greedy	0.2916666666666667	21	51	72
stable0.52	0.2916666666666667	21	51	72
mobility0.16	0.2905982905982906	68	163	234
positional42,33,76,10,88-16-corners	0.28888888888888886	52	123	180
positional45,34,77,1,90-12-corners	0.2777777777777778	5	11	18
stable0.27	0.2716049382716049	44	116	162
positional50,19,61,7,99-16-stable0.50	0.2708333333333333	39	100	144
greedy	0.2638888888888889	19	49	72
greedy	0.2611111111111111	47	127	180
mobility0.77	0.24305555555555555	35	106	144
stable0.50	0.23737373737373738	47	148	198
positional50,24,65,7,99-17-stable0.58	0.2361111111111111	17	53	72
greedy	0.22839506172839505	37	119	162
corners	0.22727272727272727	45	145	198
stable0.23	0.22727272727272727	45	147	198
positional50,27,64,5,95-14-stable0.74	0.2222222222222222	16	52	72
stable0.87-5-corners	0.1574074074074074	17	89	108
