stable0.01-9-positional58,25,60,12,88	NaN	0	0	0
positional58,30,54,5,87-22-positional34,34,61,10,95	NaN	0	0	0
positional43,25,69,2,88	NaN	0	0	0
positional47,25,68,2,94-19-positional58,25,60,12,88	0.7222222222222222	26	9	36
positional36,15,57,11,84	0.6944444444444444	25	10	36
positional31,25,63,2,95	0.6944444444444444	75	31	108
positional36,15,57,11,84	0.6759259259259259	73	29	108
positional47,25,68,2,94	0.6666666666666666	24	12	36
positional41,33,74,1,92-5-positional50,33,64,12,86	0.6666666666666666	12	6	18
positional36,26,59,5,82	0.6111111111111112	66	40	108
positional36,15,57,11,84	0.6111111111111112	11	7	18
positional36,26,59,5,82	0.5909090909090909	117	77	198
positional31,25,63,2,95	0.5864197530864198	95	65	162
positional36,15,57,11,84	0.5753968253968254	145	97	252
positional36,15,57,11,84	0.5740740740740741	124	86	216
positional36,15,57,11,84	0.5722222222222222	103	74	180
positional30,33,68,4,94	0.5694444444444444	82	58	144
positional52,16,57,13,94-0-greedy	0.5694444444444444	41	29	72
positional31,25,63,2,95	0.5683760683760684	133	96	234
positional31,25,63,2,95	0.5555555555555556	110	77	198
positional36,15,57,11,84	0.5555555555555556	110	81	198
positional52,16,57,13,94	0.5520833333333334	159	123	288
positional58,30,54,5,87	0.55	99	76	180
positional36,15,57,11,84	0.5493827160493827	89	68	162
positional47,25,68,2,94	0.5416666666666666	78	62	144
positional35,25,60,10,98	0.5353535353535354	106	84	198
positional31,25,63,2,95-11-positional50,33,64,12,86	0.5308641975308642	86	70	162
positional48,15,60,2,89	0.5277777777777778	38	30	72
positional36,15,57,11,84-11-positional50,33,64,12,86	0.5277777777777778	95	76	180
positional36,26,59,5,82	0.5277777777777778	19	16	36
positional36,15,57,11,84	0.5256410256410257	123	104	234
positional31,25,63,2,95	0.5185185185185185	84	68	162
positional47,25,68,2,94	0.5185185185185185	28	23	54
positional36,15,57,11,84	0.5138888888888888	74	66	144
positional36,15,57,11,84-0-positional50,33,64,12,86	0.5055555555555555	91	80	180
positional31,25,63,2,95-11-positional39,22,76,7,85	0.5	18	16	36
mobility0.15	0.37037037037037035	40	68	108
positional36,15,57,11,84-5-mobility0.53	0.37037037037037035	60	98	162
positional47,25,68,2,94-13-corners	0.35185185185185186	19	33	54
mobility0.16	0.3263888888888889	94	185	288
positional39,34,56,5,86-14-mobility0.14	0.3148148148148148	17	37	54
greedy	0.3101851851851852	67	139	216
positional31,25,63,2,95-15-stable0.52	0.3	27	56	90
positional52,16,57,13,94-5-mobility0.61	0.2777777777777778	20	50	72
positional52,16,57,13,94-20-stable0.12	0.2722222222222222	49	127	180
positional31,25,63,2,95-8-greedy	0.26851851851851855	58	153	216
positional31,25,63,2,95-7-corners	0.2619047619047619	33	91	126
stable0.43	0.25308641975308643	41	118	162
positional42,33,76,10,88-21-corners	0.25	18	51	72
mobility0.59-11-stable0.26	0.25	27	78	108
positional52,16,57,13,94-5-mobility0.53	0.25	36	102	144
positional31,25,63,2,95-14-greedy	0.24691358024691357	40	115	162
positional52,16,57,13,94-24-corners	0.24603174603174602	31	94	126
positional36,15,57,11,84-11-greedy	0.24444444444444444	22	64	90
greedy-13-mobility0.83	0.24444444444444444	22	68	90
corners	0.22727272727272727	45	145	198
greedy-20-stable0.53	0.2222222222222222	36	123	162
mobility0.77	0.21717171717171718	43	146	198
stable0.52-18-stable0.18	0.19696969696969696	39	151	198
positional36,15,57,11,84-24-greedy	0.16666666666666666	6	30	36
