positional34,32,78,8,80-9-greedy	NaN	0	0	0
positional47,31,78,3,99	NaN	0	0	0
positional51,26,65,3,82	NaN	0	0	0
positional34,32,78,8,80-9-mobility0.36	NaN	0	0	0
positional48,33,79,1,97-18-positional46,33,67,9,89	NaN	0	0	0
positional34,32,78,8,80	0.8333333333333334	15	3	18
positional39,24,56,12,80	0.6296296296296297	34	18	54
positional34,32,78,8,80	0.625	45	23	72
positional39,28,72,13,85	0.6190476190476191	78	43	126
positional47,31,78,3,99	0.5982905982905983	140	83	234
positional58,17,78,9,98	0.5777777777777777	52	36	90
positional48,33,79,1,97-13-positional48,28,56,8,98	0.5763888888888888	83	57	144
positional39,28,72,13,85	0.5740740740740741	62	41	108
positional44,28,65,6,91	0.5555555555555556	70	53	126
positional44,28,65,6,91	0.5555555555555556	20	15	36
positional48,33,79,1,97	0.5555555555555556	20	15	36
positional48,33,79,1,97	0.5555555555555556	60	40	108
positional34,32,78,8,80	0.5505050505050505	109	83	198
positional47,31,78,3,99	0.55	99	71	180
mobility0.59-11-positional58,25,60,12,88	0.5476190476190477	69	54	126
positional47,31,78,3,99-0-corners	0.5416666666666666	39	31	72
positional34,32,78,8,80-0-positional55,17,79,11,84	0.5407407407407407	146	113	270
positional41,33,74,1,92-22-positional34,34,61,10,95	0.5407407407407407	146	119	270
positional34,32,78,8,80	0.5396825396825397	68	56	126
positional39,28,72,13,85	0.5370370370370371	58	48	108
positional34,32,78,8,80-7-positional55,17,79,11,84	0.5347222222222222	77	61	144
positional34,32,78,8,80	0.5333333333333333	96	76	180
positional48,33,79,1,97-9-positional31,28,58,3,86	0.5256410256410257	123	104	234
positional47,31,78,3,99	0.5256410256410257	123	107	234
positional44,28,65,6,91	0.5246913580246914	85	73	162
positional39,24,56,12,80	0.5079365079365079	128	117	252
positional44,28,65,6,91	0.5	99	86	198
positional58,30,54,5,87-0-positional55,17,79,11,84	0.5	36	34	72
positional34,32,78,8,80-0-greedy	0.49206349206349204	62	61	126
positional44,28,65,6,91	0.49145299145299143	115	111	234
positional44,28,65,6,91	0.4583333333333333	33	37	72
positional44,28,65,6,91	0.4444444444444444	80	87	180
corners	0.36666666666666664	33	56	90
corners	0.3333333333333333	12	24	36
positional34,32,78,8,80-11-greedy	0.3253968253968254	41	80	126
positional47,31,78,3,99-5-stable0.11	0.3055555555555556	11	25	36
stable0.05	0.2916666666666667	21	50	72
stable0.01	0.2863247863247863	67	161	234
positional39,28,72,13,85-5-stable0.61	0.2777777777777778	25	62	90
positional34,32,78,8,80-22-stable0.44	0.2777777777777778	20	51	72
positional33,31,69,2,96-24-greedy	0.26851851851851855	29	75	108
greedy	0.26666666666666666	24	64	90
positional48,33,79,1,97-13-greedy	0.2654320987654321	43	114	162
greedy	0.2638888888888889	57	151	216
greedy	0.25213675213675213	59	169	234
stable0.40	0.25	9	26	36
positional34,32,78,8,80-14-stable0.43	0.24444444444444444	22	66	90
positional39,28,72,13,85-23-corners	0.23015873015873015	29	94	126
positional39,34,56,5,86-14-mobility0.83	0.2222222222222222	12	42	54
positional44,28,65,6,91-24-stable0.01	0.2222222222222222	16	54	72
positional39,28,72,13,85-24-greedy	0.21367521367521367	50	180	234
positional47,31,78,3,99-5-greedy	0.20634920634920634	26	96	126
positional47,31,78,3,99-16-stable0.59	0.2	18	69	90
positional44,28,65,6,91-13-stable0.80	0.19444444444444445	35	140	180
positional34,32,78,8,80-19-corners	0.16666666666666666	3	15	18
