mobility0.67-13-corners	NaN	0	0	0
positional41,29,53,1,82	NaN	0	0	0
positional43,29,59,2,95	NaN	0	0	0
mobility0.19-11-positional53,16,63,2,84	NaN	0	0	0
positional55,18,79,11,97	NaN	0	0	0
positional43,29,59,2,95-21-mobility0.71	NaN	0	0	0
positional41,29,53,1,82	NaN	0	0	0
positional44,20,73,5,98-6-positional55,18,57,11,97	0.7777777777777778	14	4	18
positional43,29,59,2,95	0.7222222222222222	26	9	36
positional43,29,59,2,95	0.6944444444444444	25	9	36
positional41,29,53,1,82	0.6111111111111112	121	69	198
positional44,20,73,5,98	0.5972222222222222	86	53	144
positional55,18,79,11,97	0.5888888888888889	53	35	90
positional41,29,53,1,82-23-positional45,26,64,6,92	0.5833333333333334	105	66	180
positional55,18,79,11,97	0.5833333333333334	21	14	36
positional43,29,59,2,95	0.5763888888888888	166	114	288
positional44,21,50,3,81	0.5679012345679012	92	66	162
positional41,29,53,1,82	0.5606060606060606	111	80	198
positional44,21,50,3,81	0.5588235294117647	171	126	306
positional55,31,63,14,90	0.5555555555555556	30	24	54
positional41,29,53,1,82	0.5555555555555556	70	49	126
positional55,31,63,14,90	0.5512820512820513	129	97	234
positional41,29,53,1,82	0.5476190476190477	69	52	126
positional41,33,74,1,92	0.5444444444444444	49	36	90
positional33,31,69,2,96-24-positional55,17,79,11,84	0.5396825396825397	68	58	126
positional41,29,53,1,82	0.5370370370370371	58	46	108
positional55,18,79,11,97	0.5370370370370371	29	25	54
positional44,20,73,5,98	0.5353535353535354	106	84	198
positional43,29,59,2,95	0.5308641975308642	86	69	162
positional44,21,50,3,81-0-positional58,30,58,7,80	0.5277777777777778	133	108	252
positional44,21,50,3,81	0.5238095238095238	66	52	126
positional41,29,53,1,82	0.5238095238095238	132	109	252
positional41,29,53,1,82	0.5185185185185185	56	45	108
positional55,18,79,11,97-21-positional51,29,79,4,86	0.5185185185185185	84	72	162
positional51,26,65,3,82	0.5123456790123457	83	74	162
positional55,31,63,14,90	0.5	63	60	126
positional43,29,59,2,95	0.4777777777777778	86	89	180
stable0.01-17-stable0.22	0.3888888888888889	21	31	54
positional55,18,79,11,97-19-stable0.12	0.3611111111111111	13	22	36
positional41,29,53,1,82-23-stable0.02	0.3611111111111111	13	23	36
positional41,29,53,1,82-9-greedy	0.3383838383838384	67	126	198
positional43,29,59,2,95-6-corners	0.3333333333333333	6	11	18
positional41,29,53,1,82-19-mobility0.75	0.3055555555555556	22	44	72
mobility0.77-5-mobility0.58	0.29365079365079366	37	84	126
positional44,20,73,5,98-14-stable0.39	0.28888888888888886	26	61	90
positional55,18,79,11,97-17-stable0.61	0.2777777777777778	15	38	54
greedy	0.2716049382716049	44	113	162
positional55,31,63,14,90-23-corners	0.26851851851851855	58	151	216
positional43,29,59,2,95-24-stable0.01	0.2619047619047619	33	90	126
positional44,20,73,5,98-10-greedy	0.25	9	25	36
positional55,31,63,14,90-16-mobility0.18	0.25	18	50	72
positional41,29,53,1,82-8-corners	0.24814814814814815	67	191	270
positional44,20,73,5,98-5-greedy	0.24074074074074073	65	200	270
positional44,20,73,5,98-24-stable0.59	0.23232323232323232	46	148	198
stable0.05-0-corners	0.23232323232323232	46	150	198
positional41,29,53,1,82-20-corners	0.23148148148148148	50	161	216
positional45,29,50,9,95-16-greedy	0.2222222222222222	8	26	36
positional55,18,79,11,97-13-stable0.80	0.21666666666666667	39	130	180
positional55,31,63,14,90-12-stable0.11	0.21666666666666667	39	131	180
positional44,20,73,5,98-11-stable0.44	0.20987654320987653	34	120	162
