positional45,20,62,13,95-23-stable0.16	NaN	0	0	0
positional45,29,50,9,95	0.6746031746031746	85	38	126
positional34,30,74,14,83	0.6388888888888888	23	11	36
positional45,20,62,13,95	0.6153846153846154	144	82	234
positional40,15,61,0,81	0.5952380952380952	75	49	126
positional34,30,74,14,83	0.5888888888888889	106	70	180
positional30,16,64,0,98	0.5740740740740741	155	105	270
positional45,20,62,13,95	0.5679012345679012	92	65	162
positional34,30,74,14,83-13-positional54,28,67,1,87	0.5648148148148148	61	45	108
positional55,31,63,14,90	0.5617283950617284	91	61	162
positional30,16,64,0,98	0.5606060606060606	111	77	198
positional34,30,74,14,83	0.5555555555555556	90	63	162
positional45,20,62,13,95	0.5555555555555556	120	87	216
positional40,15,61,0,81	0.5555555555555556	20	12	36
positional44,20,73,5,98	0.5555555555555556	110	82	198
positional44,20,73,5,98	0.5524691358024691	179	142	324
positional40,15,61,0,81-23-positional34,20,59,4,87	0.5518518518518518	149	110	270
positional44,20,73,5,98	0.5404040404040404	107	85	198
positional40,15,61,0,81	0.5370370370370371	29	22	54
positional55,31,63,14,90-0-positional34,20,59,4,87	0.5359477124183006	164	129	306
positional45,20,62,13,95	0.5353535353535354	106	80	198
positional45,20,62,13,95	0.5333333333333333	48	39	90
positional40,15,61,0,81	0.5308641975308642	86	70	162
positional40,15,61,0,81-0-positional34,20,59,4,87	0.5277777777777778	19	16	36
positional34,30,74,14,83-0-positional58,25,60,12,88	0.5277777777777778	57	48	108
positional40,15,61,0,81	0.5238095238095238	66	56	126
positional40,15,61,0,81	0.5222222222222223	94	78	180
positional40,15,61,0,81	0.5185185185185185	28	22	54
positional44,20,73,5,98-21-positional50,24,76,10,95	0.5185185185185185	28	21	54
positional45,20,62,13,95-13-positional54,28,67,1,87	0.5111111111111111	46	42	90
positional34,30,74,14,83-0-positional58,30,58,7,80	0.5050505050505051	100	91	198
mobility0.14-12-positional34,20,59,4,87	0.4722222222222222	17	18	36
positional30,16,64,0,98	0.4444444444444444	8	9	18
positional44,20,73,5,98-18-mobility0.58	0.4166666666666667	15	21	36
positional30,16,64,0,98	0.3888888888888889	14	20	36
positional40,15,61,0,81-8-mobility0.22	0.36419753086419754	59	103	162
positional34,30,74,14,83-21-positional56,29,75,14,94	0.3611111111111111	13	21	36
positional45,20,62,13,95-19-mobility0.75	0.3611111111111111	65	111	180
positional40,15,61,0,81-11-mobility0.64	0.3333333333333333	6	12	18
positional45,20,62,13,95-12-corners	0.3055555555555556	11	24	36
positional30,16,64,0,98-22-stable0.19	0.3055555555555556	11	25	36
positional45,20,62,13,95-10-greedy	0.3055555555555556	11	24	36
positional45,20,62,13,95-19-stable0.49	0.2962962962962963	16	37	54
positional40,15,61,0,81-10-greedy	0.29365079365079366	37	85	126
mobility0.15	0.2777777777777778	10	25	36
positional34,30,74,14,83-16-mobility0.18	0.2777777777777778	45	114	162
positional55,31,63,14,90-16-greedy	0.2777777777777778	20	51	72
positional55,31,63,14,90-17-stable0.61	0.2777777777777778	20	49	72
corners-18-stable0.22	0.2654320987654321	43	115	162
positional44,20,73,5,98-8-corners	0.25925925925925924	56	154	216
positional40,15,61,0,81-17-stable0.22	0.2564102564102564	60	167	234
positional45,20,62,13,95-5-mobility0.58	0.25	27	80	108
stable0.40-9-corners	0.25	36	104	144
positional40,15,61,0,81-15-greedy	0.24074074074074073	26	76	108
mobility0.19	0.24074074074074073	39	119	162
positional40,15,61,0,81-19-mobility0.30	0.23333333333333334	42	135	180
positional40,15,61,0,81-23-corners	0.22569444444444445	65	216	288
corners-13-corners	0.2222222222222222	8	27	36
positional45,20,62,13,95-24-stable0.98	0.2222222222222222	44	150	198
positional40,15,61,0,81-10-corners	0.19444444444444445	42	164	216
