positional50,31,63,11,89	NaN	0	0	0
positional50,31,63,11,89	NaN	0	0	0
positional39,23,69,14,85	NaN	0	0	0
positional39,23,69,14,85-13-positional42,27,62,0,81	NaN	0	0	0
positional31,20,61,0,90-10-corners	NaN	0	0	0
positional50,31,63,11,89-13-greedy	NaN	0	0	0
positional31,20,61,0,90	0.7222222222222222	13	3	18
positional50,31,63,11,89	0.6944444444444444	25	11	36
positional35,24,79,0,87	0.6180555555555556	89	47	144
positional50,31,63,11,89-19-positional46,19,69,13,89	0.6111111111111112	33	18	54
positional43,31,55,4,96	0.5944444444444444	107	70	180
positional35,24,79,0,87	0.5909090909090909	117	78	198
positional31,20,61,0,90	0.5873015873015873	74	50	126
stable0.28-22-positional56,28,57,14,97	0.5833333333333334	21	12	36
positional31,20,61,0,90	0.5714285714285714	72	52	126
positional50,31,63,11,89	0.5714285714285714	72	52	126
positional39,23,69,14,85	0.5666666666666667	51	34	90
positional50,31,63,11,89	0.5625	81	56	144
positional39,23,69,14,85-0-positional56,28,57,14,97	0.5625	81	58	144
positional39,23,69,14,85	0.5476190476190477	138	105	252
positional39,23,69,14,85-21-positional35,22,64,14,90	0.5476190476190477	69	54	126
positional43,31,55,4,96	0.5396825396825397	68	52	126
positional50,31,63,11,89	0.5370370370370371	174	135	324
positional39,23,69,14,85	0.5317460317460317	67	52	126
positional50,31,63,11,89	0.5308641975308642	86	72	162
positional39,23,69,14,85	0.5277777777777778	114	97	216
positional39,23,69,14,85	0.5256410256410257	123	105	234
positional50,31,63,11,89	0.5222222222222223	47	39	90
positional39,23,69,14,85-0-positional35,22,64,14,90	0.5185185185185185	112	97	216
positional31,20,61,0,90	0.5166666666666667	93	81	180
corners-16-positional56,28,57,14,97	0.5092592592592593	110	94	216
positional55,31,63,14,90	0.5055555555555555	91	82	180
positional50,31,63,11,89	0.5046296296296297	109	97	216
positional31,20,61,0,90	0.5	81	77	162
positional31,20,61,0,90	0.5	72	68	144
positional50,31,63,11,89	0.4791666666666667	69	68	144
positional50,31,63,11,89	0.4583333333333333	33	34	72
positional39,23,69,14,85-15-greedy	0.37962962962962965	41	64	108
mobility0.13	0.37037037037037035	40	67	108
mobility0.15	0.3680555555555556	53	85	144
mobility0.14	0.36666666666666664	33	55	90
positional59,27,55,1,87-16-mobility0.64	0.33796296296296297	73	134	216
positional50,31,63,11,89-19-mobility0.30	0.3333333333333333	60	110	180
mobility0.45	0.3333333333333333	24	48	72
positional39,23,69,14,85-13-mobility0.62	0.3111111111111111	28	60	90
positional31,20,61,0,90-10-greedy	0.30808080808080807	61	134	198
greedy-14-corners	0.2962962962962963	16	36	54
positional43,31,55,4,96-22-mobility0.48	0.2916666666666667	21	50	72
greedy-16-greedy	0.2916666666666667	21	50	72
positional59,27,55,1,87-11-corners	0.2824074074074074	61	145	216
positional35,24,79,0,87-12-corners	0.2638888888888889	38	101	144
corners-6-corners	0.24691358024691357	40	121	162
corners-22-greedy	0.2361111111111111	17	52	72
positional35,24,79,0,87-21-corners	0.23333333333333334	21	65	90
positional39,23,69,14,85-9-greedy	0.2222222222222222	4	14	18
positional39,23,69,14,85-5-stable0.40	0.2222222222222222	8	27	36
stable0.79-13-greedy	0.21428571428571427	27	96	126
positional39,23,69,14,85-13-corners	0.19444444444444445	14	56	72
positional35,24,79,0,87-11-corners	0.19444444444444445	42	163	216
stable0.40-9-corners	0.16319444444444445	47	229	288
