stable0.20-6-corners	NaN	0	0	0
positional57,29,54,5,93-21-mobility0.19	NaN	0	0	0
positional59,21,59,6,81-7-mobility0.00	NaN	0	0	0
positional35,24,79,0,87	NaN	0	0	0
positional59,21,59,6,81	0.7037037037037037	38	15	54
positional59,21,59,6,81	0.6825396825396826	86	39	126
positional30,26,53,10,93	0.6282051282051282	147	84	234
positional30,26,53,10,93	0.625	45	25	72
positional35,24,79,0,87	0.6222222222222222	56	33	90
positional30,26,53,10,93	0.6111111111111112	44	27	72
positional49,31,51,9,97	0.6111111111111112	77	46	126
positional30,26,53,10,93	0.6111111111111112	11	6	18
corners-24-positional40,27,79,4,97	0.6111111111111112	44	28	72
positional49,31,51,9,97	0.6	54	33	90
positional59,21,59,6,81	0.5833333333333334	42	28	72
positional59,21,59,6,81	0.5833333333333334	42	27	72
positional30,26,53,10,93-13-positional40,27,79,4,97	0.5666666666666667	51	34	90
positional30,26,53,10,93-16-positional40,27,79,4,97	0.5648148148148148	122	91	216
positional30,26,53,10,93	0.5625	81	59	144
corners-6-positional38,18,60,3,97	0.5555555555555556	20	15	36
positional30,26,53,10,93	0.5555555555555556	10	7	18
positional30,26,53,10,93	0.5555555555555556	60	43	108
positional57,29,54,5,93	0.5555555555555556	90	67	162
positional49,31,51,9,97-0-positional42,28,78,11,99	0.55	99	72	180
positional59,21,59,6,81	0.5493827160493827	89	65	162
positional30,26,53,10,93	0.5416666666666666	78	62	144
positional35,24,79,0,87	0.5370370370370371	29	20	54
positional30,26,53,10,93	0.5333333333333333	96	77	180
positional30,26,53,10,93	0.5317460317460317	67	54	126
positional57,29,54,5,93-9-positional42,28,78,11,99	0.5277777777777778	76	65	144
positional59,27,55,1,87	0.5202020202020202	103	85	198
positional59,21,59,6,81-20-stable0.71	0.3888888888888889	49	72	126
positional49,31,51,9,97-13-mobility0.53	0.37037037037037035	20	33	54
greedy	0.345679012345679	56	99	162
corners	0.3333333333333333	24	47	72
positional57,29,54,5,93-21-mobility0.12	0.3333333333333333	78	150	234
positional57,29,54,5,93-22-greedy	0.3271604938271605	53	104	162
corners-11-stable0.10	0.3125	45	96	144
stable0.47-8-mobility0.95	0.3111111111111111	28	60	90
corners	0.3	27	60	90
stable0.20	0.2962962962962963	64	146	216
mobility0.96	0.2916666666666667	21	49	72
stable0.08-21-mobility0.98	0.28703703703703703	31	72	108
positional57,29,54,5,93-22-greedy	0.2777777777777778	55	134	198
stable0.79	0.2777777777777778	35	85	126
positional30,26,53,10,93-13-mobility0.62	0.2777777777777778	55	136	198
positional57,29,54,5,93-23-greedy	0.2777777777777778	10	26	36
positional35,24,79,0,87-21-stable0.56	0.2777777777777778	10	24	36
stable0.20	0.2777777777777778	25	64	90
positional55,31,63,14,90-16-corners	0.2722222222222222	49	127	180
greedy	0.2698412698412698	34	89	126
positional59,21,59,6,81-10-corners	0.2692307692307692	63	164	234
positional30,26,53,10,93-16-mobility0.95	0.26666666666666666	48	128	180
positional30,26,53,10,93-5-greedy	0.26666666666666666	24	63	90
greedy	0.25925925925925924	56	152	216
positional59,21,59,6,81-13-greedy	0.25925925925925924	56	156	216
positional57,29,54,5,93-14-corners	0.24537037037037038	53	160	216
stable0.70	0.24074074074074073	26	77	108
positional30,26,53,10,93-11-corners	0.23015873015873015	29	93	126
stable0.23	0.2222222222222222	20	62	90
