positional59,27,55,1,87-10-corners	NaN	0	0	0
stable0.13-10-corners	NaN	0	0	0
mobility0.88	NaN	0	0	0
positional40,26,51,13,97-20-positional41,26,50,3,84	NaN	0	0	0
positional40,26,51,13,97-18-mobility0.18	NaN	0	0	0
positional41,34,57,4,82	NaN	0	0	0
positional56,27,63,8,93	NaN	0	0	0
positional40,26,51,13,97	0.7083333333333334	51	18	72
positional47,16,73,5,92	0.6944444444444444	75	31	108
positional47,16,73,5,92-20-positional39,28,70,13,94	0.6180555555555556	89	49	144
positional40,26,51,13,97	0.6166666666666667	111	64	180
mobility0.98-6-positional46,29,50,9,86	0.6111111111111112	33	20	54
positional47,16,73,5,92-19-positional46,28,55,8,93	0.6031746031746031	76	46	126
positional40,26,51,13,97	0.5959595959595959	118	68	198
positional41,34,57,4,82	0.5925925925925926	32	22	54
positional40,26,51,13,97	0.5858585858585859	116	76	198
positional41,34,57,4,82	0.5833333333333334	42	26	72
positional40,26,51,13,97	0.5740740740740741	93	61	162
positional47,16,73,5,92	0.5740740740740741	62	44	108
positional56,27,63,8,93-24-positional40,27,79,4,97	0.5740740740740741	62	39	108
positional47,16,73,5,92	0.5679012345679012	92	63	162
positional47,16,73,5,92	0.5641025641025641	132	94	234
positional47,16,73,5,92-7-positional42,28,78,11,99	0.5634920634920635	71	48	126
positional49,31,51,9,97	0.5625	81	58	144
positional40,26,51,13,97	0.5611111111111111	101	76	180
positional47,16,73,5,92-23-mobility0.33	0.5555555555555556	10	8	18
positional40,26,51,13,97	0.55	99	73	180
positional40,26,51,13,97	0.5462962962962963	59	41	108
positional47,16,73,5,92	0.5	9	8	18
positional40,26,51,13,97-19-mobility0.91	0.4444444444444444	16	18	36
positional40,26,51,13,97-8-stable0.35	0.4166666666666667	15	21	36
greedy-24-mobility0.88	0.4166666666666667	15	20	36
positional47,16,73,5,92-17-mobility0.21	0.3888888888888889	84	130	216
positional47,16,73,5,92-15-corners	0.3888888888888889	14	20	36
positional47,16,73,5,92-20-mobility0.33	0.37777777777777777	68	107	180
mobility0.68	0.373015873015873	47	75	126
positional41,34,57,4,82-21-mobility0.43	0.373015873015873	47	78	126
positional40,26,51,13,97-13-mobility0.53	0.36507936507936506	46	78	126
positional47,16,73,5,92-7-mobility0.00	0.3611111111111111	78	135	216
positional40,26,51,13,97-13-mobility0.09	0.35555555555555557	32	54	90
positional47,16,73,5,92-19-greedy	0.35	63	114	180
positional41,34,57,4,82-15-mobility0.38	0.3472222222222222	50	88	144
stable0.20	0.31746031746031744	40	81	126
stable0.20	0.30303030303030304	60	131	198
greedy-22-greedy	0.30246913580246915	49	110	162
positional47,16,73,5,92-18-mobility0.06	0.3	27	60	90
positional56,27,63,8,93-6-stable0.58	0.2878787878787879	57	133	198
positional47,16,73,5,92-5-stable0.03	0.2777777777777778	5	13	18
corners	0.27124183006535946	83	219	306
stable0.20	0.26495726495726496	62	169	234
mobility0.93-9-stable0.27	0.25925925925925924	42	113	162
corners	0.25555555555555554	46	128	180
stable0.47	0.25	36	105	144
stable0.23	0.24074074074074073	52	159	216
stable0.33	0.24074074074074073	13	39	54
corners-21-mobility0.98	0.2222222222222222	48	161	216
corners	0.20833333333333334	30	111	144
mobility0.96	0.2037037037037037	44	163	216
positional47,16,73,5,92-5-corners	0.19753086419753085	32	126	162
positional47,16,73,5,92-13-mobility0.99	0.19444444444444445	7	25	36
