greedy-5-mobility0.04	NaN	0	0	0
mobility0.72	NaN	0	0	0
positional38,21,69,6,98-19-stable0.68	NaN	0	0	0
positional38,21,69,6,98-18-stable0.12	NaN	0	0	0
positional38,21,69,6,98	NaN	0	0	0
stable0.96-21-positional45,31,66,8,93	0.8333333333333334	15	2	18
positional41,34,57,4,82	0.6944444444444444	25	9	36
positional38,21,69,6,98	0.6666666666666666	12	6	18
positional56,31,69,12,81	0.6111111111111112	66	39	108
positional38,21,69,6,98-6-positional46,28,55,8,93	0.5959595959595959	118	71	198
positional41,34,57,4,82-16-positional55,19,60,2,83	0.5925925925925926	32	19	54
positional56,27,63,8,93	0.5873015873015873	74	51	126
positional56,31,69,12,81	0.5864197530864198	95	62	162
positional38,21,69,6,98	0.5694444444444444	123	84	216
positional56,27,63,8,93-0-positional41,31,66,11,96	0.5634920634920635	142	102	252
positional56,31,69,12,81-17-positional46,28,55,8,93	0.5625	81	57	144
positional56,31,69,12,81-23-positional45,31,66,8,93	0.5611111111111111	101	76	180
positional38,21,69,6,98	0.5555555555555556	10	8	18
positional56,31,69,12,81	0.5555555555555556	30	22	54
positional38,21,69,6,98	0.5486111111111112	79	58	144
positional38,21,69,6,98-0-stable0.56	0.5476190476190477	138	100	252
positional56,31,69,12,81-20-positional45,31,66,8,93	0.5444444444444444	98	76	180
positional56,31,69,12,81-18-positional45,15,72,10,90	0.5432098765432098	88	63	162
positional56,31,69,12,81	0.5427350427350427	127	95	234
positional41,34,57,4,82-0-greedy	0.5396825396825397	68	56	126
positional56,31,69,12,81	0.5353535353535354	106	86	198
positional38,21,69,6,98	0.5324074074074074	115	95	216
positional56,31,69,12,81	0.5308641975308642	86	72	162
mobility0.94-18-positional38,30,66,0,88	0.5277777777777778	19	13	36
greedy-10-positional48,25,52,14,92	0.5277777777777778	19	17	36
positional41,34,57,4,82-6-positional41,31,66,11,96	0.5231481481481481	113	94	216
positional56,31,69,12,81	0.5222222222222223	94	80	180
positional32,22,53,10,92-16-positional45,31,66,8,93	0.5222222222222223	94	78	180
positional56,31,69,12,81	0.5138888888888888	74	62	144
positional56,31,69,12,81-6-positional41,31,66,11,96	0.5092592592592593	55	46	108
positional56,31,69,12,81	0.4740740740740741	128	129	270
positional49,31,51,9,97	0.4722222222222222	51	53	108
positional56,31,69,12,81	0.4652777777777778	67	71	144
positional56,31,69,12,81-19-positional44,23,59,13,87	0.45	81	94	180
positional56,31,69,12,81	0.4444444444444444	8	9	18
mobility0.30	0.3333333333333333	18	34	54
stable0.58-14-mobility0.98	0.3333333333333333	6	11	18
positional56,31,69,12,81-20-mobility0.18	0.32222222222222224	29	56	90
positional41,34,57,4,82-13-mobility0.40	0.3194444444444444	23	49	72
positional56,31,69,12,81-5-stable0.03	0.2916666666666667	63	148	216
positional56,31,69,12,81-6-corners	0.2857142857142857	36	86	126
positional56,31,69,12,81-23-corners	0.2777777777777778	5	12	18
positional56,31,69,12,81-9-stable0.32	0.2777777777777778	10	26	36
positional38,21,69,6,98-13-greedy	0.2708333333333333	39	104	144
positional56,31,69,12,81-13-corners	0.2654320987654321	43	115	162
positional56,31,69,12,81-19-stable0.58	0.2647058823529412	81	219	306
stable0.33-20-mobility0.33	0.2638888888888889	57	151	216
positional38,21,69,6,98-18-stable0.37	0.25925925925925924	14	39	54
positional38,21,69,6,98-13-mobility0.09	0.2564102564102564	60	167	234
mobility0.38-7-greedy	0.25555555555555554	23	66	90
positional56,31,69,12,81-24-mobility0.88	0.21825396825396826	55	191	252
positional32,22,53,10,92-15-corners	0.1984126984126984	25	97	126
positional47,19,50,5,88-15-greedy	0.19230769230769232	45	178	234
positional56,31,69,12,81-9-stable0.27	0.15555555555555556	14	71	90
mobility0.98	0.14285714285714285	18	102	126
