positional56,20,56,12,99-23-stable0.66	NaN	0	0	0
positional42,31,57,2,90	NaN	0	0	0
positional49,28,62,0,82-7-positional40,34,66,3,92	NaN	0	0	0
positional48,33,77,12,83-22-mobility0.97	NaN	0	0	0
positional42,31,57,2,90-8-mobility0.52	NaN	0	0	0
mobility0.51	NaN	0	0	0
positional39,33,78,8,88	0.7777777777777778	14	4	18
mobility0.01-22-positional36,22,67,8,80	0.7222222222222222	13	4	18
positional32,22,68,13,95-7-positional54,33,74,14,90	0.6805555555555556	49	23	72
positional44,19,55,4,95-0-mobility0.33	0.6180555555555556	89	47	144
positional43,16,73,5,89	0.5952380952380952	75	43	126
greedy-11-positional36,22,67,8,80	0.5925925925925926	64	42	108
positional43,16,73,5,89-7-positional55,30,66,11,96	0.5902777777777778	85	54	144
positional49,28,62,0,82	0.5833333333333334	84	55	144
positional49,28,62,0,82-10-positional54,33,74,14,90	0.5814814814814815	157	103	270
positional44,19,55,4,95-14-positional37,15,58,14,94	0.5808080808080808	115	69	198
positional32,22,68,13,95-10-positional40,25,78,8,98	0.5808080808080808	115	70	198
positional44,19,55,4,95	0.5740740740740741	31	20	54
positional32,22,68,13,95-10-positional37,15,58,14,94	0.5611111111111111	101	72	180
positional43,16,73,5,89-14-positional36,22,67,8,80	0.5555555555555556	80	56	144
positional33,28,74,2,91	0.5555555555555556	80	51	144
positional42,31,57,2,90-5-positional44,26,56,2,89	0.5555555555555556	10	7	18
corners-19-positional32,26,58,4,88	0.5509259259259259	119	87	216
positional49,28,62,0,82	0.5396825396825397	68	51	126
corners-16-positional44,26,56,2,89	0.5384615384615384	126	102	234
positional43,16,73,5,89	0.5277777777777778	152	125	288
positional33,28,74,2,91-10-positional54,33,74,14,90	0.5238095238095238	66	51	126
positional49,28,62,0,82-20-mobility0.57	0.5185185185185185	28	25	54
positional32,22,68,13,95-23-positional40,25,78,8,98	0.4537037037037037	49	53	108
positional43,16,73,5,89	0.4513888888888889	65	76	144
positional32,22,68,13,95-5-greedy	0.3888888888888889	14	21	36
corners-14-mobility0.94	0.3611111111111111	39	65	108
mobility0.57	0.3333333333333333	6	11	18
greedy	0.3333333333333333	30	58	90
positional33,28,74,2,91-23-mobility0.49	0.3333333333333333	6	10	18
stable0.41	0.32222222222222224	58	115	180
positional33,34,57,14,80-7-mobility0.18	0.3194444444444444	69	143	216
greedy	0.3194444444444444	23	45	72
positional33,28,74,2,91-7-greedy	0.3125	45	95	144
positional48,33,77,12,83-6-corners	0.30808080808080807	61	131	198
positional33,28,74,2,91-11-corners	0.3055555555555556	66	143	216
mobility0.41-0-positional54,33,74,14,90	0.30246913580246915	49	109	162
greedy	0.2962962962962963	32	72	108
positional32,22,68,13,95-7-greedy	0.2962962962962963	48	106	162
stable0.55	0.2962962962962963	32	68	108
positional42,31,57,2,90-23-stable0.39	0.28888888888888886	26	61	90
stable0.69	0.2777777777777778	25	60	90
greedy	0.2777777777777778	60	147	216
corners	0.2777777777777778	10	26	36
mobility0.91	0.2654320987654321	43	112	162
greedy	0.2619047619047619	33	90	126
corners-23-greedy	0.25925925925925924	28	77	108
stable0.01	0.25793650793650796	65	182	252
positional43,16,73,5,89-16-greedy	0.25	18	50	72
stable0.70	0.25	18	50	72
greedy	0.24305555555555555	35	103	144
stable0.41	0.24074074074074073	13	38	54
greedy	0.23333333333333334	42	131	180
corners-0-positional54,33,74,14,90	0.21717171717171718	43	149	198
stable0.41	0.20634920634920634	26	97	126
