positional32,29,79,6,88-15-stable0.58	NaN	0	0	0
positional32,29,79,6,88-5-corners	NaN	0	0	0
stable0.84	NaN	0	0	0
mobility0.05-11-positional59,23,57,3,94	0.75	27	8	36
positional41,25,52,10,98	0.7222222222222222	13	5	18
positional32,29,79,6,88	0.7222222222222222	13	4	18
positional41,25,52,10,98-18-positional45,15,72,10,90	0.6888888888888889	62	28	90
positional49,21,74,0,91	0.6851851851851852	37	16	54
positional49,21,74,0,91-6-positional49,15,50,11,87	0.6296296296296297	34	19	54
positional35,27,67,13,94-0-corners	0.6111111111111112	99	53	162
positional49,21,74,0,91	0.5944444444444444	107	68	180
positional49,21,74,0,91	0.594017094017094	139	86	234
positional55,30,75,8,92	0.5925925925925926	32	20	54
positional41,25,52,10,98	0.5858585858585859	116	77	198
positional49,21,74,0,91	0.5808080808080808	115	76	198
positional49,21,74,0,91	0.5787037037037037	125	86	216
positional35,27,53,0,85	0.5763888888888888	83	58	144
positional49,21,74,0,91	0.5726495726495726	134	90	234
positional32,22,53,10,92	0.5683760683760684	133	93	234
positional41,25,52,10,98	0.5555555555555556	60	43	108
positional49,21,74,0,91	0.5555555555555556	110	83	198
mobility0.83-18-positional49,19,74,6,98	0.5555555555555556	70	51	126
positional41,25,52,10,98-17-positional39,28,70,13,94	0.5555555555555556	100	70	180
positional49,21,74,0,91	0.5505050505050505	109	83	198
positional41,25,52,10,98	0.5486111111111112	79	64	144
positional41,25,52,10,98	0.5444444444444444	98	74	180
positional41,25,52,10,98	0.5436507936507936	137	105	252
positional49,21,74,0,91	0.5416666666666666	39	32	72
positional49,21,74,0,91-15-positional41,25,77,8,83	0.5370370370370371	29	24	54
positional41,25,52,10,98	0.5370370370370371	116	96	216
positional35,27,53,0,85	0.5333333333333333	48	40	90
positional49,21,74,0,91-0-positional40,27,79,4,97	0.5208333333333334	75	63	144
positional49,21,74,0,91	0.5163398692810458	158	138	306
corners-12-greedy	0.5	18	18	36
positional32,29,79,6,88	0.4074074074074074	22	29	54
stable0.11	0.37037037037037035	20	34	54
mobility0.12	0.3333333333333333	18	36	54
positional32,29,79,6,88-16-greedy	0.31666666666666665	57	118	180
stable0.96-21-mobility0.04	0.3	27	60	90
mobility0.38	0.2986111111111111	43	95	144
greedy	0.28888888888888886	52	121	180
stable0.76	0.28703703703703703	31	76	108
greedy	0.2839506172839506	46	112	162
positional32,29,79,6,88-19-mobility0.92	0.2777777777777778	45	113	162
positional32,29,79,6,88-13-corners	0.27314814814814814	59	151	216
mobility0.28-20-mobility0.92	0.2722222222222222	49	125	180
positional41,25,52,10,98-15-greedy	0.2676767676767677	53	141	198
positional32,29,79,6,88-19-stable0.89	0.2638888888888889	19	50	72
greedy-6-stable0.12	0.25925925925925924	42	110	162
positional41,25,52,10,98-12-corners	0.25	36	106	144
positional49,21,74,0,91-10-greedy	0.24603174603174602	31	92	126
positional32,29,79,6,88-13-greedy	0.24074074074074073	26	80	108
mobility0.48-17-greedy	0.2361111111111111	17	55	72
positional35,27,53,0,85-16-stable0.22	0.2361111111111111	17	52	72
positional41,25,52,10,98-14-greedy	0.23333333333333334	42	131	180
mobility0.72-18-stable0.12	0.22777777777777777	41	128	180
corners-9-corners	0.2	18	69	90
stable0.96	0.18981481481481483	41	170	216
corners-5-corners	0.18518518518518517	10	43	54
corners-24-greedy	0.16666666666666666	3	15	18
