positional35,17,61,7,82	NaN	0	0	0
positional46,22,76,13,87	NaN	0	0	0
stable0.11	NaN	0	0	0
positional35,17,61,7,82	NaN	0	0	0
greedy-10-positional45,21,53,11,80	0.8055555555555556	29	7	36
positional35,17,61,7,82	0.8055555555555556	29	7	36
positional35,17,61,7,82	0.7	63	24	90
positional58,18,52,5,96	0.6666666666666666	108	49	162
mobility0.17-18-positional35,18,76,13,91	0.6666666666666666	12	6	18
positional42,30,74,10,92	0.6527777777777778	47	22	72
positional35,17,61,7,82	0.6507936507936508	82	39	126
positional32,22,53,10,92	0.6388888888888888	46	25	72
positional35,17,61,7,82	0.6277777777777778	113	57	180
positional42,30,74,10,92	0.625	45	25	72
positional35,27,53,0,85	0.6111111111111112	121	71	198
positional35,27,53,0,85-0-positional47,15,52,4,80	0.6018518518518519	65	40	108
positional55,28,75,4,86	0.5972222222222222	43	25	72
positional35,17,61,7,82-15-positional41,25,77,8,83	0.5952380952380952	75	46	126
positional46,22,76,13,87	0.5925925925925926	64	43	108
positional46,22,76,13,87-0-mobility0.92	0.5888888888888889	106	68	180
positional58,18,52,5,96-24-positional40,27,79,4,97	0.5833333333333334	126	81	216
positional46,22,76,13,87	0.5833333333333334	63	44	108
positional46,22,76,13,87-12-positional49,19,74,6,98	0.5808080808080808	115	72	198
positional55,28,75,4,86	0.5793650793650794	73	49	126
positional58,18,52,5,96-0-mobility0.92	0.5777777777777777	52	35	90
positional58,18,52,5,96	0.5763888888888888	83	58	144
positional46,22,76,13,87-18-positional35,18,76,13,91	0.562962962962963	152	113	270
positional35,17,61,7,82	0.5617283950617284	91	67	162
mobility0.05-24-positional35,18,76,13,91	0.5598290598290598	131	92	234
positional46,22,76,13,87	0.5555555555555556	10	8	18
positional58,18,52,5,96	0.5555555555555556	100	75	180
positional35,17,61,7,82-14-positional47,15,52,4,80	0.5277777777777778	19	16	36
positional58,18,52,5,96	0.4444444444444444	8	9	18
positional58,18,52,5,96-5-mobility0.48	0.41919191919191917	83	111	198
positional35,17,61,7,82-23-mobility0.09	0.375	54	89	144
stable0.65-23-corners	0.3611111111111111	13	23	36
mobility0.47	0.34444444444444444	62	111	180
stable0.46	0.3333333333333333	18	34	54
mobility0.48	0.3247863247863248	76	148	234
stable0.11-0-positional41,25,77,8,83	0.31746031746031744	40	81	126
mobility0.05	0.3148148148148148	51	109	162
greedy-19-greedy	0.30952380952380953	39	84	126
positional58,18,52,5,96-13-greedy	0.3055555555555556	66	144	216
stable0.64-5-greedy	0.3055555555555556	44	93	144
corners-24-greedy	0.3055555555555556	77	165	252
positional58,18,52,5,96-13-corners	0.30158730158730157	38	87	126
mobility0.05-16-greedy	0.2916666666666667	42	96	144
positional35,17,61,7,82-6-stable0.12	0.28888888888888886	26	63	90
mobility0.83	0.28205128205128205	66	159	234
stable0.31-19-greedy	0.26851851851851855	29	75	108
positional35,17,61,7,82-12-greedy	0.2676767676767677	53	140	198
corners	0.2654320987654321	43	116	162
mobility0.50	0.25925925925925924	28	78	108
positional35,17,61,7,82-14-greedy	0.25	63	183	252
positional35,17,61,7,82-18-corners	0.25	18	49	72
mobility0.05	0.24691358024691357	40	119	162
positional58,18,52,5,96-10-mobility0.31	0.24444444444444444	22	65	90
corners	0.24074074074074073	26	79	108
stable0.76	0.23703703703703705	64	195	270
positional46,22,76,13,87-18-stable0.58	0.2361111111111111	51	159	216
