positional55,28,75,4,86	NaN	0	0	0
mobility0.04-6-positional30,23,60,4,95	NaN	0	0	0
positional49,28,73,4,87-19-positional34,18,79,4,86	0.8333333333333334	15	3	18
positional46,23,59,1,93	0.7777777777777778	14	3	18
positional49,28,73,4,87-14-positional38,22,72,6,99	0.6666666666666666	12	6	18
positional46,23,59,1,93-14-positional34,33,65,11,92	0.6666666666666666	12	5	18
positional46,23,59,1,93	0.6367521367521367	149	78	234
positional49,28,73,4,87	0.6313131313131313	125	68	198
positional40,18,51,7,80	0.6111111111111112	11	6	18
positional30,20,50,10,92-19-positional41,18,53,1,84	0.6111111111111112	22	14	36
positional49,28,73,4,87	0.6111111111111112	55	31	90
positional46,23,59,1,93-24-positional51,27,79,3,82	0.6111111111111112	11	6	18
positional46,23,59,1,93-0-corners	0.5897435897435898	138	88	234
positional49,28,73,4,87	0.5888888888888889	106	70	180
positional38,26,59,7,99	0.5833333333333334	126	80	216
positional46,23,59,1,93-8-positional53,34,51,10,85	0.5802469135802469	94	65	162
positional30,20,50,10,92	0.5666666666666667	51	38	90
positional38,26,59,7,99	0.5648148148148148	61	45	108
positional46,23,59,1,93-0-positional45,21,53,11,80	0.5611111111111111	101	75	180
positional46,23,59,1,93	0.5606060606060606	111	80	198
positional38,26,59,7,99	0.5486111111111112	158	125	288
positional46,23,59,1,93	0.5462962962962963	118	94	216
positional55,28,75,4,86-18-positional35,18,76,13,91	0.5454545454545454	108	83	198
positional30,20,50,10,92-0-positional38,22,72,6,99	0.5454545454545454	108	84	198
positional46,23,59,1,93-0-positional35,18,76,13,91	0.5388888888888889	97	78	180
positional49,28,73,4,87-0-positional35,18,76,13,91	0.5388888888888889	97	76	180
positional49,28,73,4,87	0.5317460317460317	67	54	126
positional46,23,59,1,93-0-positional35,18,76,13,91	0.5317460317460317	67	54	126
positional46,23,59,1,93	0.5277777777777778	19	15	36
positional46,23,59,1,93-23-positional38,22,72,6,99	0.5202020202020202	103	88	198
positional38,26,59,7,99	0.5185185185185185	56	47	108
positional46,23,59,1,93	0.5151515151515151	102	89	198
positional30,20,50,10,92-22-positional37,22,59,6,81	0.5138888888888888	37	34	72
positional30,20,50,10,92-18-positional35,18,76,13,91	0.5061728395061729	82	76	162
positional49,28,73,4,87-20-positional44,15,64,3,99	0.5	9	8	18
positional30,20,50,10,92-0-corners	0.5	108	99	216
positional52,24,76,5,85	0.5	45	43	90
positional49,28,73,4,87	0.48148148148148145	52	51	108
positional30,20,50,10,92	0.4722222222222222	85	89	180
mobility0.50	0.3484848484848485	69	122	198
positional49,28,73,4,87-21-stable0.12	0.3271604938271605	53	105	162
positional46,23,59,1,93-14-mobility0.48	0.3055555555555556	55	119	180
positional49,28,73,4,87-13-mobility0.12	0.3055555555555556	11	24	36
mobility0.17	0.29012345679012347	47	112	162
positional49,28,73,4,87-6-greedy	0.28888888888888886	78	188	270
positional49,28,73,4,87-17-mobility0.25	0.2777777777777778	45	113	162
stable0.11	0.2777777777777778	55	134	198
stable0.31	0.2638888888888889	38	102	144
positional49,28,73,4,87-17-greedy	0.25925925925925924	14	39	54
positional49,28,73,4,87-10-greedy	0.25555555555555554	23	65	90
positional38,26,59,7,99-17-corners	0.25	9	26	36
stable0.64	0.25	36	104	144
stable0.46	0.24691358024691357	40	118	162
corners-10-corners	0.24444444444444444	44	134	180
positional46,23,59,1,93-19-greedy	0.2361111111111111	17	54	72
greedy	0.23333333333333334	42	129	180
corners-22-stable0.96	0.22592592592592592	61	197	270
greedy	0.2222222222222222	48	161	216
greedy	0.2222222222222222	12	42	54
positional38,26,59,7,99-24-stable0.14	0.16666666666666666	6	29	36
