positional42,25,61,0,87	NaN	0	0	0
positional49,28,73,4,87	NaN	0	0	0
positional38,21,79,9,97-6-positional48,31,55,7,98	NaN	0	0	0
positional30,32,72,10,87	NaN	0	0	0
positional55,28,75,4,86	NaN	0	0	0
positional30,32,72,10,87	0.6666666666666666	12	6	18
positional38,32,72,2,81-17-positional49,26,53,13,95	0.6666666666666666	12	6	18
stable0.14-16-positional48,27,66,8,86	0.6296296296296297	34	17	54
positional38,32,72,2,81	0.5833333333333334	21	14	36
positional38,32,72,2,81	0.5714285714285714	72	51	126
positional55,28,75,4,86	0.5648148148148148	61	43	108
positional30,32,72,10,87-0-positional37,22,59,6,81	0.5611111111111111	101	70	180
positional38,32,72,2,81-23-positional44,15,64,3,99	0.5598290598290598	131	100	234
positional38,21,79,9,97	0.5486111111111112	79	62	144
positional49,28,73,4,87	0.5486111111111112	79	56	144
positional49,28,73,4,87	0.5462962962962963	118	89	216
positional38,32,72,2,81	0.5454545454545454	108	84	198
positional56,29,69,4,94	0.5416666666666666	39	31	72
corners-13-positional52,18,52,8,90	0.5404040404040404	107	79	198
positional49,28,73,4,87	0.5347222222222222	77	54	144
positional55,28,75,4,86	0.5341880341880342	125	98	234
positional38,32,72,2,81	0.5333333333333333	48	41	90
positional38,32,72,2,81	0.5277777777777778	114	97	216
positional30,32,72,10,87-0-corners	0.5222222222222223	94	75	180
positional38,21,79,9,97	0.5222222222222223	94	81	180
positional38,32,72,2,81	0.5185185185185185	84	71	162
positional30,32,72,10,87	0.5185185185185185	112	97	216
positional38,32,72,2,81	0.5185185185185185	56	48	108
positional49,28,73,4,87-16-positional51,27,79,3,82	0.5185185185185185	56	47	108
positional38,32,72,2,81	0.5166666666666667	93	80	180
positional30,32,72,10,87	0.5158730158730159	65	55	126
positional38,21,79,9,97	0.5158730158730159	65	56	126
positional38,32,72,2,81-0-positional48,27,66,8,86	0.5138888888888888	74	60	144
positional49,28,73,4,87	0.5	54	47	108
positional49,28,73,4,87-18-positional37,22,59,6,81	0.49382716049382713	80	79	162
positional38,32,72,2,81	0.4888888888888889	88	85	180
positional38,32,72,2,81	0.48148148148148145	26	27	54
positional49,28,73,4,87-8-positional30,31,77,4,81	0.4777777777777778	43	40	90
positional49,28,73,4,87	0.4722222222222222	68	69	144
positional41,20,53,11,89-22-mobility0.80	0.37777777777777777	34	54	90
positional38,32,72,2,81-19-greedy	0.3333333333333333	18	34	54
mobility0.42-10-stable0.37	0.2916666666666667	21	50	72
stable0.04-10-corners	0.2777777777777778	10	25	36
corners-16-greedy	0.2777777777777778	5	13	18
positional49,28,73,4,87-19-greedy	0.2777777777777778	10	22	36
corners	0.26666666666666666	24	61	90
positional56,16,67,3,86-16-mobility0.93	0.25	9	25	36
positional38,32,72,2,81-6-greedy	0.24074074074074073	13	41	54
greedy-21-stable0.60	0.23333333333333334	21	69	90
positional38,32,72,2,81-17-corners	0.22777777777777777	41	132	180
positional49,28,73,4,87-21-stable0.12	0.22569444444444445	65	212	288
positional37,19,59,8,98-18-greedy	0.2222222222222222	24	81	108
positional40,18,51,7,80-21-greedy	0.2222222222222222	8	28	36
positional49,28,73,4,87-10-corners	0.21666666666666667	39	137	180
positional49,28,73,4,87-8-stable0.02	0.21296296296296297	46	166	216
mobility0.04	0.20987654320987653	34	126	162
positional30,32,72,10,87-22-corners	0.18518518518518517	10	43	54
positional38,32,72,2,81-10-greedy	0.1597222222222222	23	118	144
corners	0.15555555555555556	14	75	90
positional55,28,75,4,86-17-greedy	0.15555555555555556	28	145	180
