stable0.79	NaN	0	0	0
positional48,28,76,3,86	NaN	0	0	0
positional48,28,76,3,86	NaN	0	0	0
positional32,20,53,10,94-15-greedy	NaN	0	0	0
positional32,20,53,10,94	NaN	0	0	0
positional55,19,54,10,84	NaN	0	0	0
positional48,28,76,3,86-12-positional40,21,58,13,93	0.8333333333333334	15	2	18
positional48,19,50,1,85	0.7222222222222222	13	4	18
positional36,19,75,4,86	0.6111111111111112	22	13	36
positional48,19,50,1,85	0.5873015873015873	74	48	126
positional51,16,75,4,95	0.5833333333333334	21	14	36
corners-23-positional33,27,67,2,88	0.5802469135802469	94	64	162
positional48,28,76,3,86-0-positional53,33,63,12,88	0.5648148148148148	61	44	108
positional55,28,75,4,86	0.5555555555555556	100	77	180
greedy-24-positional57,19,61,10,84	0.5555555555555556	10	7	18
positional48,28,76,3,86	0.5333333333333333	96	77	180
positional55,28,75,4,86	0.5277777777777778	114	94	216
positional37,19,59,8,98	0.5277777777777778	95	77	180
positional40,18,51,7,80-19-positional33,34,54,11,80	0.5252525252525253	104	84	198
positional38,21,79,9,97	0.5213675213675214	122	104	234
positional48,28,76,3,86	0.5185185185185185	28	25	54
positional32,20,53,10,94-0-positional33,22,74,0,88	0.5166666666666667	93	81	180
positional48,19,50,1,85	0.5138888888888888	37	32	72
positional48,28,76,3,86	0.5138888888888888	111	95	216
positional48,28,76,3,86-19-positional31,24,77,12,86	0.51010101010101	101	90	198
positional38,21,79,9,97-0-positional33,22,74,0,88	0.5050505050505051	100	91	198
positional48,28,76,3,86-0-positional31,24,77,12,86	0.5046296296296297	109	96	216
positional38,21,79,9,97	0.5037037037037037	136	120	270
positional32,20,53,10,94	0.5	9	9	18
positional32,20,53,10,94-22-positional33,22,74,0,88	0.5	54	50	108
positional48,28,76,3,86	0.5	54	48	108
positional55,28,75,4,86	0.4898989898989899	97	97	198
positional48,28,76,3,86-18-mobility0.74	0.4444444444444444	16	18	36
greedy	0.4166666666666667	15	20	36
positional48,28,76,3,86-12-greedy	0.4027777777777778	29	41	72
positional32,20,53,10,94-17-mobility0.44	0.3888888888888889	21	31	54
mobility0.77-21-corners	0.3611111111111111	13	22	36
stable0.87-19-greedy	0.3402777777777778	49	91	144
positional51,20,72,11,96-8-mobility0.36	0.3333333333333333	6	12	18
positional41,27,59,2,93-13-corners	0.3333333333333333	30	57	90
mobility0.03-16-corners	0.2916666666666667	21	50	72
stable0.09-20-mobility0.67	0.2857142857142857	36	86	126
positional48,28,76,3,86-8-stable0.84	0.2857142857142857	36	86	126
stable0.14	0.2839506172839506	46	111	162
positional48,19,50,1,85-22-greedy	0.2828282828282828	56	134	198
positional48,28,76,3,86-24-greedy	0.2777777777777778	15	38	54
mobility0.46-10-greedy	0.2777777777777778	5	11	18
stable0.04-6-greedy	0.27314814814814814	59	151	216
positional40,18,51,7,80-5-greedy	0.2727272727272727	54	137	198
greedy-20-stable0.69	0.2698412698412698	34	86	126
greedy-18-mobility0.89	0.25925925925925924	28	76	108
stable0.14	0.25	54	152	216
positional48,28,76,3,86-18-greedy	0.24691358024691357	40	118	162
corners-0-stable0.60	0.24305555555555555	35	100	144
positional48,28,76,3,86-16-stable0.23	0.2222222222222222	4	14	18
mobility0.68	0.2222222222222222	8	28	36
positional48,28,76,3,86-10-greedy	0.2037037037037037	33	124	162
corners	0.1984126984126984	25	97	126
positional48,28,76,3,86-16-greedy	0.19753086419753085	32	124	162
mobility0.07-22-mobility0.47	0.16666666666666666	3	14	18
