positional33,24,67,13,96-20-stable0.03	NaN	0	0	0
positional49,22,75,2,89	NaN	0	0	0
positional31,21,59,13,89	0.7037037037037037	38	15	54
positional33,24,67,13,96	0.7037037037037037	38	14	54
positional45,34,74,6,86	0.6666666666666666	36	18	54
positional31,21,59,13,89-0-positional31,24,77,12,86	0.654320987654321	106	47	162
positional49,22,75,2,89	0.6458333333333334	93	50	144
positional31,21,59,13,89-13-positional34,30,52,12,80	0.6388888888888888	69	35	108
positional49,22,75,2,89-6-positional53,33,63,12,88	0.6349206349206349	80	38	126
positional49,22,75,2,89	0.625	45	22	72
corners-16-mobility0.30	0.6111111111111112	11	7	18
positional49,22,75,2,89	0.6031746031746031	152	91	252
positional49,22,75,2,89	0.5959595959595959	118	71	198
positional49,22,75,2,89-23-positional46,15,79,0,82	0.5864197530864198	95	63	162
positional45,34,74,6,86	0.5833333333333334	105	69	180
positional55,19,54,10,84	0.5740740740740741	62	38	108
positional55,19,54,10,84-0-positional40,21,58,13,93	0.5625	81	55	144
positional49,22,75,2,89	0.5611111111111111	101	70	180
positional49,22,75,2,89-23-stable0.24	0.5555555555555556	20	13	36
positional45,34,74,6,86-24-greedy	0.5555555555555556	10	7	18
positional49,22,75,2,89	0.5555555555555556	60	43	108
positional38,21,79,9,97	0.5277777777777778	76	60	144
positional49,22,75,2,89-13-mobility0.86	0.4444444444444444	32	38	72
greedy-24-corners	0.4444444444444444	24	29	54
positional49,22,75,2,89-10-greedy	0.42592592592592593	23	30	54
corners	0.4166666666666667	15	21	36
mobility0.20	0.3888888888888889	63	92	162
positional49,22,75,2,89-17-greedy	0.3888888888888889	7	10	18
mobility0.03-12-greedy	0.3888888888888889	56	79	144
positional51,20,72,11,96-21-corners	0.37037037037037035	20	33	54
corners-11-greedy	0.36419753086419754	59	98	162
greedy	0.3611111111111111	26	41	72
positional52,32,67,12,91-10-greedy	0.3611111111111111	26	42	72
corners-23-greedy	0.3541666666666667	51	88	144
mobility0.46-10-mobility0.44	0.35185185185185186	57	96	162
stable0.52-17-corners	0.35185185185185186	19	34	54
mobility0.68-0-positional53,33,63,12,88	0.35185185185185186	38	64	108
greedy	0.3425925925925926	37	69	108
greedy	0.3412698412698413	43	77	126
corners-17-mobility0.44	0.3388888888888889	61	114	180
positional33,24,67,13,96-22-greedy	0.3333333333333333	48	91	144
greedy	0.3333333333333333	18	34	54
positional49,22,75,2,89-16-greedy	0.3263888888888889	47	92	144
positional51,16,75,4,95-22-mobility0.47	0.32222222222222224	29	58	90
stable0.80	0.32222222222222224	29	57	90
positional38,21,79,9,97-19-greedy	0.31666666666666665	57	121	180
positional32,20,53,10,94-21-corners	0.3055555555555556	55	120	180
positional32,20,53,10,94-20-greedy	0.3055555555555556	11	24	36
positional33,24,67,13,96-18-mobility0.89	0.30246913580246915	49	109	162
positional31,21,59,13,89-23-corners	0.3	54	126	180
positional38,31,70,2,99-23-stable0.06	0.28703703703703703	62	150	216
mobility0.90-12-corners	0.2777777777777778	15	37	54
positional33,24,67,13,96-10-stable0.29	0.2777777777777778	10	26	36
positional33,24,67,13,96-21-stable0.69	0.2708333333333333	39	99	144
corners-11-corners	0.2638888888888889	19	47	72
positional31,21,59,13,89-5-greedy	0.24537037037037038	53	161	216
corners	0.24444444444444444	66	197	270
corners	0.22916666666666666	33	107	144
stable0.99	0.22685185185185186	49	161	216
positional55,28,75,4,86-13-corners	0.2264957264957265	53	173	234
