positional31,32,73,9,90	NaN	0	0	0
corners	NaN	0	0	0
positional47,15,72,3,89	NaN	0	0	0
corners	NaN	0	0	0
positional47,15,72,3,89	NaN	0	0	0
positional48,34,61,10,90-19-positional55,27,69,0,92	0.8055555555555556	29	6	36
positional30,28,53,2,80	0.75	27	7	36
corners-7-positional51,33,76,11,95	0.6759259259259259	73	28	108
positional47,15,72,3,89	0.6666666666666666	24	12	36
positional31,32,73,9,90-0-positional51,20,64,6,91	0.6388888888888888	161	81	252
positional54,17,51,2,81	0.6296296296296297	68	36	108
stable0.87-15-positional47,34,50,10,81	0.625	45	24	72
positional47,15,72,3,89	0.6203703703703703	67	39	108
positional31,32,73,9,90	0.6111111111111112	22	14	36
positional47,15,72,3,89	0.6055555555555555	109	68	180
positional31,32,73,9,90-23-positional51,20,64,6,91	0.6049382716049383	98	60	162
positional33,24,67,13,96-0-corners	0.6049382716049383	98	57	162
positional48,34,61,10,90	0.6031746031746031	76	45	126
positional47,15,72,3,89-0-positional47,34,50,10,81	0.5787037037037037	125	82	216
positional48,34,61,10,90-13-positional55,29,78,2,98	0.5763888888888888	83	52	144
positional33,24,67,13,96	0.5707070707070707	113	75	198
positional30,28,53,2,80-0-positional53,33,63,12,88	0.5634920634920635	142	99	252
positional31,32,73,9,90	0.5606060606060606	111	76	198
greedy-17-greedy	0.5555555555555556	10	8	18
positional47,15,72,3,89-12-greedy	0.5555555555555556	10	7	18
positional31,32,73,9,90	0.5555555555555556	20	13	36
positional33,24,67,13,96	0.5555555555555556	20	13	36
positional48,34,61,10,90	0.48148148148148145	26	26	54
positional30,28,53,2,80	0.4722222222222222	17	17	36
mobility0.75	0.4111111111111111	37	51	90
positional54,17,51,2,81-6-mobility0.47	0.3958333333333333	57	80	144
mobility0.20	0.38011695906432746	130	200	342
corners-9-stable0.07	0.36419753086419754	59	99	162
stable0.99	0.35555555555555557	64	107	180
positional52,32,67,12,91-10-greedy	0.35555555555555557	64	110	180
positional47,15,72,3,89-16-greedy	0.35185185185185186	38	65	108
positional47,15,72,3,89-6-corners	0.3504273504273504	82	146	234
corners	0.34444444444444444	62	113	180
positional47,15,72,3,89-20-stable0.03	0.3412698412698413	43	80	126
corners	0.3333333333333333	24	46	72
corners	0.3333333333333333	18	34	54
corners	0.32407407407407407	35	71	108
positional47,15,72,3,89-10-greedy	0.32407407407407407	35	70	108
positional33,24,67,13,96-11-corners	0.3101851851851852	67	139	216
positional48,34,61,10,90-17-greedy	0.3055555555555556	55	121	180
corners	0.30092592592592593	65	145	216
positional48,34,61,10,90-23-stable0.16	0.2962962962962963	32	73	108
positional30,28,53,2,80-14-corners	0.2962962962962963	16	38	54
corners	0.29365079365079366	37	81	126
positional33,24,67,13,96-19-stable0.81	0.2777777777777778	40	99	144
mobility0.90-23-corners	0.2777777777777778	25	61	90
positional47,15,72,3,89-23-mobility0.86	0.2777777777777778	45	109	162
positional48,34,61,10,90-9-greedy	0.2698412698412698	34	88	126
positional47,15,72,3,89-24-greedy	0.2698412698412698	34	84	126
corners-6-stable0.64	0.2654320987654321	43	106	162
positional48,34,61,10,90-11-corners	0.25757575757575757	51	144	198
positional47,15,72,3,89-23-stable0.06	0.25396825396825395	64	180	252
corners	0.25	45	129	180
greedy	0.24444444444444444	22	59	90
stable0.80	0.2	54	208	270
