positional54,17,51,2,81-6-greedy	NaN	0	0	0
positional39,23,52,10,93	NaN	0	0	0
corners	NaN	0	0	0
positional59,22,75,10,89	NaN	0	0	0
mobility0.27	NaN	0	0	0
positional44,22,57,2,94	0.6851851851851852	74	30	108
positional41,18,76,6,97	0.6666666666666666	12	6	18
positional44,22,57,2,94	0.6464646464646465	128	64	198
positional59,22,75,10,89	0.6458333333333334	93	46	144
positional39,23,52,10,93	0.6388888888888888	23	12	36
positional59,22,75,10,89	0.6388888888888888	23	13	36
positional39,23,52,10,93	0.5972222222222222	43	28	72
positional44,22,57,2,94	0.5925925925925926	32	20	54
positional39,23,52,10,93-20-positional47,34,50,10,81	0.5808080808080808	115	77	198
positional41,18,76,6,97-0-positional47,34,50,10,81	0.5777777777777777	104	70	180
positional41,18,76,6,97	0.5777777777777777	104	68	180
positional44,22,57,2,94	0.5757575757575758	114	77	198
positional50,16,57,7,83	0.5740740740740741	93	63	162
positional59,22,75,10,89	0.5694444444444444	123	84	216
positional39,23,52,10,93	0.5679012345679012	92	66	162
positional41,18,76,6,97	0.5666666666666667	102	72	180
positional59,22,75,10,89	0.5555555555555556	120	86	216
positional41,18,76,6,97	0.5555555555555556	90	63	162
positional44,22,57,2,94	0.5555555555555556	110	80	198
positional44,22,57,2,94	0.5555555555555556	50	36	90
positional39,23,52,10,93-7-positional43,15,53,4,97	0.5555555555555556	100	70	180
positional54,17,51,2,81	0.5486111111111112	79	63	144
positional39,23,52,10,93	0.5370370370370371	116	90	216
positional59,22,75,10,89-0-positional47,34,50,10,81	0.5308641975308642	86	73	162
positional39,23,52,10,93-19-corners	0.5277777777777778	19	17	36
positional50,16,57,7,83	0.5222222222222223	94	79	180
positional39,23,52,10,93	0.5151515151515151	102	90	198
greedy	0.4444444444444444	8	9	18
mobility0.24	0.35555555555555557	32	55	90
positional41,18,76,6,97-10-mobility0.48	0.3541666666666667	51	88	144
positional50,16,57,7,83-19-greedy	0.3333333333333333	54	101	162
positional39,23,52,10,93	0.3333333333333333	6	10	18
stable0.22	0.3333333333333333	66	127	198
positional50,16,57,7,83-10-corners	0.31746031746031744	40	82	126
mobility0.35	0.31313131313131315	62	131	198
positional39,23,52,10,93-16-greedy	0.30864197530864196	50	109	162
mobility0.66	0.3055555555555556	44	96	144
corners	0.3055555555555556	11	25	36
positional39,23,52,10,93-19-stable0.14	0.3055555555555556	33	74	108
positional59,22,75,10,89-17-greedy	0.2916666666666667	42	98	144
corners	0.2777777777777778	25	64	90
positional41,18,76,6,97-12-stable0.94	0.2777777777777778	5	13	18
stable0.22	0.26851851851851855	29	77	108
corners-0-positional51,20,64,6,91	0.2673611111111111	77	202	288
positional44,22,57,2,94-19-greedy	0.2638888888888889	19	51	72
corners-14-corners	0.2619047619047619	33	91	126
stable0.12	0.25925925925925924	14	37	54
corners	0.25555555555555554	46	128	180
corners	0.25555555555555554	46	128	180
positional43,29,66,5,95-9-corners	0.25462962962962965	55	154	216
corners	0.25462962962962965	55	154	216
positional59,22,75,10,89-8-stable0.99	0.25	54	154	216
corners	0.2388888888888889	43	130	180
stable0.22-8-corners	0.2345679012345679	38	118	162
corners	0.22777777777777777	41	132	180
