positional50,16,57,7,83	NaN	0	0	0
positional40,29,64,7,88-12-greedy	NaN	0	0	0
positional42,18,77,5,81	NaN	0	0	0
positional54,17,51,2,81-22-positional36,15,56,0,99	NaN	0	0	0
greedy-14-positional52,26,71,0,81	NaN	0	0	0
positional31,15,53,10,93-22-corners	NaN	0	0	0
positional31,15,53,10,93-13-positional40,16,58,6,84	NaN	0	0	0
positional40,29,64,7,88	NaN	0	0	0
positional40,29,64,7,88-8-positional52,28,62,3,93	NaN	0	0	0
positional40,29,64,7,88	0.6296296296296297	136	73	216
positional39,24,64,7,90-0-positional47,27,55,13,90	0.625	90	51	144
positional31,15,53,10,93	0.6222222222222222	56	33	90
positional32,16,73,5,91	0.5952380952380952	75	47	126
positional39,24,64,7,90-0-greedy	0.5925925925925926	64	40	108
positional39,24,64,7,90	0.5879629629629629	127	83	216
positional40,29,64,7,88	0.5858585858585859	116	71	198
mobility0.00	0.5833333333333334	21	15	36
positional40,29,64,7,88	0.5833333333333334	126	80	216
positional32,16,73,5,91-5-positional47,27,55,13,90	0.5833333333333334	105	70	180
positional31,15,53,10,93	0.5833333333333334	42	28	72
positional32,16,73,5,91-19-positional43,33,74,1,80	0.5808080808080808	115	77	198
positional39,24,64,7,90	0.5753968253968254	145	100	252
positional31,15,53,10,93	0.5634920634920635	71	50	126
positional32,16,73,5,91-0-stable0.14	0.5606060606060606	111	81	198
positional31,15,53,10,93	0.5595238095238095	141	102	252
positional31,15,53,10,93	0.5555555555555556	50	37	90
positional39,24,64,7,90	0.5512820512820513	129	98	234
positional32,16,73,5,91	0.55	99	71	180
positional31,15,53,10,93	0.5462962962962963	118	92	216
positional40,29,64,7,88-0-greedy	0.5317460317460317	67	57	126
positional39,24,64,7,90	0.5170940170940171	121	106	234
positional32,16,73,5,91-23-positional59,28,77,8,92	0.4666666666666667	84	91	180
positional40,29,64,7,88-7-stable0.19	0.4444444444444444	8	10	18
positional39,24,64,7,90	0.4444444444444444	16	20	36
stable0.12-10-mobility0.48	0.3819444444444444	55	87	144
mobility0.24-17-mobility0.18	0.37962962962962965	41	65	108
mobility0.35	0.3402777777777778	49	94	144
positional40,29,64,7,88-19-mobility0.10	0.3402777777777778	49	91	144
positional40,29,64,7,88-24-stable0.47	0.3333333333333333	18	36	54
positional32,16,73,5,91-17-mobility0.98	0.32407407407407407	35	71	108
positional40,29,64,7,88-19-corners	0.32051282051282054	75	153	234
positional32,16,73,5,91-17-corners	0.3148148148148148	17	36	54
stable0.97	0.3055555555555556	22	48	72
stable0.27	0.3055555555555556	44	95	144
positional40,29,64,7,88-6-stable0.55	0.2916666666666667	42	95	144
greedy	0.28703703703703703	31	75	108
positional39,24,64,7,90-20-mobility0.84	0.2839506172839506	46	109	162
mobility0.27	0.2833333333333333	51	124	180
stable0.68	0.2777777777777778	5	12	18
positional32,16,73,5,91-9-corners	0.26495726495726496	62	164	234
positional40,29,64,7,88-18-corners	0.2638888888888889	38	104	144
positional49,30,60,8,98-19-stable0.41	0.25925925925925924	14	37	54
positional31,15,53,10,93-21-corners	0.23931623931623933	56	171	234
positional40,29,64,7,88-7-greedy	0.23015873015873015	29	91	126
corners	0.22962962962962963	62	197	270
corners	0.2222222222222222	32	104	144
stable0.93	0.2	18	66	90
positional32,16,73,5,91-8-corners	0.1984126984126984	25	91	126
positional31,15,53,10,93-17-greedy	0.1919191919191919	38	154	198
stable0.16-24-stable0.19	0.18518518518518517	20	84	108
