positional46,27,60,14,94-19-positional41,25,79,13,80	NaN	0	0	0
positional46,27,60,14,94	NaN	0	0	0
positional45,31,70,8,85-12-mobility0.79	NaN	0	0	0
positional46,27,60,14,94	0.7037037037037037	38	15	54
positional45,31,70,8,85	0.6666666666666666	24	12	36
positional45,31,70,8,85	0.6597222222222222	95	46	144
positional46,27,60,14,94-17-positional32,28,60,10,85	0.6555555555555556	59	28	90
positional47,34,71,5,88	0.6555555555555556	59	29	90
positional45,31,70,8,85	0.6358024691358025	103	51	162
positional45,31,70,8,85-19-positional32,28,60,10,85	0.6296296296296297	68	36	108
positional45,31,70,8,85	0.6111111111111112	44	25	72
positional47,34,71,5,88	0.6111111111111112	22	14	36
positional45,31,70,8,85-17-positional52,26,71,0,81	0.6031746031746031	76	46	126
positional45,31,70,8,85	0.5972222222222222	86	53	144
positional47,34,71,5,88	0.5909090909090909	117	77	198
positional47,34,71,5,88	0.5888888888888889	106	70	180
positional46,27,60,14,94-13-positional40,32,78,5,97	0.5833333333333334	105	70	180
positional45,31,70,8,85-20-positional32,28,60,10,85	0.5802469135802469	94	62	162
positional47,34,71,5,88	0.5740740740740741	93	61	162
positional47,34,71,5,88	0.5707070707070707	113	80	198
positional45,31,70,8,85	0.5694444444444444	82	58	144
mobility0.24-19-positional35,23,64,12,84	0.5656565656565656	112	83	198
positional47,34,71,5,88-22-positional36,15,56,0,99	0.5648148148148148	61	42	108
positional45,31,70,8,85	0.5555555555555556	80	60	144
mobility0.67-10-positional44,18,79,5,80	0.5555555555555556	70	51	126
positional45,31,70,8,85	0.5555555555555556	20	14	36
positional45,31,70,8,85	0.5555555555555556	60	45	108
positional33,28,52,14,94	0.5396825396825397	136	111	252
positional45,31,70,8,85	0.5347222222222222	77	62	144
positional45,31,70,8,85	0.5296296296296297	143	123	270
positional46,27,60,14,94	0.5277777777777778	133	113	252
positional45,31,70,8,85	0.5185185185185185	84	73	162
mobility0.94-9-positional54,21,64,4,83	0.5	9	8	18
positional47,34,71,5,88	0.48148148148148145	26	26	54
mobility0.00	0.3958333333333333	57	85	144
greedy	0.3611111111111111	13	23	36
positional45,31,70,8,85-7-stable0.28	0.3333333333333333	18	35	54
greedy	0.3333333333333333	48	93	144
positional47,31,66,3,91-7-corners	0.3333333333333333	6	12	18
stable0.34	0.3148148148148148	34	68	108
corners	0.3148148148148148	17	36	54
mobility0.00	0.3134920634920635	79	169	252
greedy	0.3055555555555556	22	49	72
positional47,34,71,5,88-24-stable0.47	0.2824074074074074	61	151	216
positional45,31,70,8,85-15-mobility0.77	0.2777777777777778	50	125	180
stable0.16	0.26851851851851855	58	145	216
positional50,16,57,7,83-17-greedy	0.26666666666666666	24	63	90
positional46,27,60,14,94-5-corners	0.2638888888888889	38	106	144
stable0.97	0.26262626262626265	52	142	198
stable0.43	0.2569444444444444	37	100	144
stable0.89	0.25555555555555554	23	63	90
positional45,31,70,8,85-5-corners	0.25555555555555554	23	64	90
greedy-14-stable0.19	0.24691358024691357	40	116	162
mobility0.83-20-greedy	0.24444444444444444	44	129	180
positional46,27,60,14,94-17-greedy	0.23931623931623933	56	171	234
stable0.27	0.2361111111111111	17	52	72
stable0.93	0.22839506172839505	37	118	162
positional45,31,70,8,85-19-stable0.55	0.2222222222222222	32	109	144
mobility0.24-19-stable0.41	0.18518518518518517	40	171	216
positional33,28,52,14,94-9-corners	0.1746031746031746	22	96	126
