positional44,19,55,4,95-19-corners	NaN	0	0	0
positional58,15,56,13,92	NaN	0	0	0
greedy	NaN	0	0	0
positional55,20,65,6,81	NaN	0	0	0
positional33,28,74,2,91	NaN	0	0	0
positional58,17,76,3,88-14-mobility0.03	NaN	0	0	0
positional39,33,78,8,88-24-positional53,25,64,11,90	0.7222222222222222	13	5	18
positional55,20,65,6,81-14-positional32,26,58,4,88	0.6190476190476191	78	43	126
stable0.78-14-positional55,30,66,11,96	0.6157407407407407	133	77	216
positional41,17,56,4,95-19-positional32,33,72,9,99	0.6111111111111112	44	24	72
positional56,20,56,12,99	0.6018518518518519	65	40	108
positional58,15,56,13,92	0.5833333333333334	42	29	72
positional58,17,76,3,88	0.5833333333333334	84	55	144
positional55,20,65,6,81	0.5833333333333334	105	68	180
positional58,17,76,3,88-7-positional49,22,77,11,97	0.5722222222222222	103	72	180
positional56,20,56,12,99	0.5694444444444444	123	86	216
positional58,17,76,3,88	0.5679012345679012	92	64	162
positional55,20,65,6,81	0.5555555555555556	20	14	36
positional55,20,65,6,81-0-positional50,15,50,3,87	0.5555555555555556	70	50	126
positional41,17,56,4,95-7-positional50,15,50,3,87	0.5555555555555556	60	48	108
positional41,17,56,4,95	0.5555555555555556	10	8	18
positional58,15,56,13,92	0.5555555555555556	10	7	18
positional33,28,74,2,91-0-greedy	0.5555555555555556	80	59	144
positional58,15,56,13,92	0.5555555555555556	40	31	72
positional41,17,56,4,95	0.5493827160493827	89	66	162
positional33,28,74,2,91	0.5462962962962963	59	46	108
positional58,15,56,13,92	0.5432098765432098	88	68	162
positional55,20,65,6,81-14-positional50,15,50,3,87	0.5388888888888889	97	79	180
positional58,15,56,13,92	0.5370370370370371	29	23	54
positional41,17,56,4,95-14-positional44,26,56,2,89	0.5370370370370371	116	95	216
positional31,24,59,0,99	0.5333333333333333	96	79	180
positional44,19,55,4,95-0-positional50,15,50,3,87	0.5303030303030303	105	86	198
positional33,28,74,2,91	0.5299145299145299	124	103	234
positional41,17,56,4,95-10-positional50,15,50,3,87	0.5277777777777778	76	63	144
positional58,17,76,3,88	0.5	45	38	90
positional33,28,74,2,91-23-positional50,15,50,3,87	0.49206349206349204	62	62	126
positional56,20,56,12,99	0.4861111111111111	70	62	144
positional39,33,78,8,88	0.4722222222222222	34	35	72
positional58,15,56,13,92-15-corners	0.4166666666666667	15	21	36
mobility0.20	0.3888888888888889	21	32	54
corners-14-greedy	0.3333333333333333	18	34	54
mobility0.37	0.32222222222222224	87	176	270
positional58,17,76,3,88-14-mobility0.33	0.31666666666666665	57	118	180
positional55,20,65,6,81-7-mobility0.52	0.30303030303030304	60	131	198
stable0.78-23-corners	0.2777777777777778	40	101	144
positional58,17,76,3,88-7-greedy	0.2777777777777778	45	115	162
corners	0.25757575757575757	51	144	198
greedy	0.25555555555555554	46	129	180
positional58,15,56,13,92-7-mobility0.49	0.24691358024691357	40	117	162
stable0.70	0.24305555555555555	35	105	144
positional31,24,59,0,99-7-greedy	0.2361111111111111	34	105	144
greedy-5-corners	0.2361111111111111	34	105	144
greedy	0.2345679012345679	38	120	162
mobility0.37-7-corners	0.23333333333333334	21	66	90
positional55,20,65,6,81-22-greedy	0.2222222222222222	4	14	18
stable0.41	0.20833333333333334	45	158	216
greedy-21-corners	0.20634920634920634	26	95	126
corners	0.2	18	68	90
positional44,19,55,4,95-22-mobility0.97	0.1925925925925926	52	208	270
positional31,24,59,0,99-20-stable0.13	0.16666666666666666	6	29	36
