positional34,25,55,7,96	NaN	0	0	0
positional33,15,78,3,85-11-positional36,25,72,11,89	NaN	0	0	0
stable0.40-17-positional38,28,67,4,82	NaN	0	0	0
positional34,25,55,7,96	NaN	0	0	0
positional34,25,55,7,96-21-mobility0.25	NaN	0	0	0
stable0.89-24-corners	NaN	0	0	0
positional46,27,60,14,94	0.7777777777777778	14	4	18
positional47,34,71,5,88-0-corners	0.6555555555555556	59	29	90
positional34,25,55,7,96	0.6111111111111112	11	6	18
positional46,27,60,14,94-19-positional36,26,52,0,82	0.6111111111111112	22	13	36
positional34,25,55,7,96	0.5925925925925926	64	41	108
positional34,25,55,7,96	0.5694444444444444	82	58	144
positional46,27,60,14,94	0.5694444444444444	123	87	216
positional47,34,71,5,88	0.5598290598290598	131	95	234
positional46,27,60,14,94	0.5555555555555556	10	8	18
positional34,25,55,7,96-0-positional41,25,79,13,80	0.5555555555555556	110	77	198
positional32,27,55,2,91	0.5505050505050505	109	82	198
positional46,27,60,14,94-0-positional36,26,52,0,82	0.5505050505050505	109	83	198
positional47,34,71,5,88	0.5476190476190477	69	51	126
positional34,25,55,7,96-17-positional56,16,72,14,99	0.5454545454545454	108	82	198
positional34,25,55,7,96-20-positional36,26,52,0,82	0.5444444444444444	147	114	270
positional50,16,57,7,83	0.5396825396825397	68	54	126
positional34,25,55,7,96-13-positional49,26,51,11,96	0.5370370370370371	29	25	54
positional46,27,60,14,94	0.5333333333333333	96	75	180
positional34,25,55,7,96	0.5277777777777778	95	80	180
positional46,27,60,14,94-19-positional36,26,52,0,82	0.5238095238095238	132	111	252
positional34,25,55,7,96-17-positional36,26,55,1,99	0.5208333333333334	75	67	144
positional34,25,55,7,96	0.5185185185185185	112	90	216
positional34,25,55,7,96	0.5151515151515151	102	88	198
positional34,25,55,7,96	0.5138888888888888	74	64	144
positional34,25,55,7,96-6-positional56,16,72,14,99	0.5	45	42	90
positional34,25,55,7,96	0.4876543209876543	79	75	162
positional34,25,55,7,96	0.48148148148148145	52	53	108
positional50,16,57,7,83	0.47619047619047616	60	61	126
positional47,34,71,5,88	0.4666666666666667	84	88	180
positional34,25,55,7,96	0.4444444444444444	32	36	72
positional46,27,60,14,94	0.4166666666666667	15	20	36
stable0.15	0.3888888888888889	21	33	54
positional30,20,65,7,98	0.3333333333333333	6	11	18
stable0.34	0.3263888888888889	47	92	144
mobility0.38-9-greedy	0.31746031746031744	40	82	126
positional34,25,55,7,96-17-greedy	0.2569444444444444	37	106	144
positional47,34,71,5,88-13-stable0.40	0.25555555555555554	23	65	90
positional34,25,55,7,96-20-mobility0.07	0.25308641975308643	41	116	162
greedy-10-mobility0.25	0.25	18	51	72
stable0.07	0.25	9	27	36
positional34,25,55,7,96-24-greedy	0.24603174603174602	31	93	126
positional34,25,55,7,96-11-corners	0.24537037037037038	53	153	216
mobility0.83	0.23737373737373738	47	146	198
positional34,25,55,7,96-24-mobility0.83	0.2361111111111111	34	106	144
greedy	0.2361111111111111	51	157	216
positional46,27,60,14,94-19-corners	0.22727272727272727	45	148	198
mobility0.04-21-corners	0.2222222222222222	24	76	108
positional46,27,60,14,94-18-stable0.72	0.2222222222222222	8	28	36
positional34,25,55,7,96-9-corners	0.19444444444444445	35	142	180
positional34,25,55,7,96-21-greedy	0.18888888888888888	17	72	90
greedy	0.18518518518518517	10	42	54
positional34,17,78,4,99-14-stable0.80	0.16666666666666666	9	44	54
positional47,34,71,5,88-16-corners	0.16666666666666666	6	29	36
positional46,27,60,14,94-19-mobility0.63	0.16666666666666666	3	14	18
