positional38,23,79,4,98	NaN	0	0	0
positional38,23,79,4,98-21-corners	NaN	0	0	0
stable0.67-10-positional30,23,65,13,95	NaN	0	0	0
positional38,23,79,4,98	NaN	0	0	0
corners-20-positional59,15,79,13,97	NaN	0	0	0
positional38,23,79,4,98	NaN	0	0	0
positional51,34,54,5,82	NaN	0	0	0
positional38,23,79,4,98	0.6611111111111111	119	55	180
positional38,23,79,4,98-0-mobility0.63	0.6574074074074074	71	32	108
positional53,23,58,7,80	0.6388888888888888	23	12	36
greedy-17-positional46,22,63,9,89	0.6222222222222222	56	33	90
positional44,17,70,14,97	0.6111111111111112	22	11	36
positional38,23,79,4,98	0.6055555555555555	109	67	180
positional45,30,59,11,91	0.6031746031746031	76	43	126
positional44,29,60,4,98-20-positional30,23,65,13,95	0.5873015873015873	74	45	126
positional44,17,70,14,97	0.5679012345679012	92	67	162
positional38,23,79,4,98-20-positional30,23,65,13,95	0.5666666666666667	102	69	180
positional44,17,70,14,97	0.5648148148148148	61	46	108
positional44,17,70,14,97	0.5611111111111111	101	68	180
positional51,34,54,5,82	0.5606060606060606	111	77	198
positional38,23,79,4,98-0-positional30,23,65,13,95	0.5555555555555556	80	57	144
positional38,23,79,4,98	0.5555555555555556	30	24	54
positional38,23,79,4,98	0.5555555555555556	90	61	162
positional44,17,70,14,97	0.5555555555555556	120	88	216
positional38,23,79,4,98-20-positional59,15,79,13,97	0.5555555555555556	20	14	36
positional51,34,54,5,82	0.5555555555555556	70	51	126
positional38,23,79,4,98	0.5493827160493827	89	67	162
positional38,23,79,4,98	0.5493827160493827	89	67	162
stable0.89-24-positional46,22,63,9,89	0.5388888888888889	97	78	180
positional51,34,54,5,82	0.5317460317460317	67	51	126
positional34,17,78,4,99-20-positional59,15,79,13,97	0.5208333333333334	75	65	144
positional38,23,79,4,98	0.5138888888888888	37	32	72
positional51,34,54,5,82	0.5111111111111111	92	76	180
positional44,29,60,4,98-11-positional35,22,54,5,82	0.48148148148148145	26	27	54
mobility0.48	0.3958333333333333	57	83	144
positional51,34,54,5,82-15-greedy	0.3888888888888889	7	9	18
positional51,34,54,5,82-7-mobility0.17	0.37037037037037035	40	65	108
greedy	0.36507936507936506	46	76	126
stable0.40-17-corners	0.35714285714285715	45	81	126
corners-17-mobility0.22	0.35648148148148145	77	136	216
positional38,23,79,4,98-24-mobility0.66	0.3472222222222222	50	89	144
mobility0.38	0.3296296296296296	89	171	270
positional51,34,54,5,82-17-mobility0.25	0.3194444444444444	69	142	216
positional51,34,54,5,82-20-mobility0.07	0.31666666666666665	57	119	180
mobility0.25	0.3055555555555556	22	48	72
positional38,23,79,4,98-18-greedy	0.3055555555555556	33	69	108
positional38,23,79,4,98-21-greedy	0.2962962962962963	32	72	108
mobility0.79	0.28888888888888886	26	57	90
positional51,34,54,5,82-23-mobility0.85	0.2839506172839506	46	111	162
greedy-8-corners	0.2828282828282828	56	138	198
positional51,34,54,5,82-22-greedy	0.2777777777777778	45	111	162
positional38,23,79,4,98-10-mobility0.25	0.2777777777777778	35	85	126
greedy	0.24444444444444444	44	132	180
positional44,29,60,4,98-20-stable0.08	0.23809523809523808	30	94	126
positional44,17,70,14,97-19-greedy	0.2361111111111111	17	54	72
positional44,17,70,14,97-11-corners	0.2222222222222222	60	203	270
greedy-21-greedy	0.2111111111111111	19	67	90
positional38,23,79,4,98-24-greedy	0.20202020202020202	40	150	198
positional34,17,78,4,99-21-corners	0.2	36	139	180
positional38,23,79,4,98-9-greedy	0.1984126984126984	25	96	126
