corners	NaN	0	0	0
positional39,18,58,10,82	NaN	0	0	0
positional46,15,66,6,93	NaN	0	0	0
mobility0.26	NaN	0	0	0
positional50,33,78,8,82-19-positional46,29,67,14,96	NaN	0	0	0
positional45,32,64,14,81-17-stable0.71	NaN	0	0	0
positional46,15,66,6,93	NaN	0	0	0
mobility0.38-9-positional51,24,57,5,84	NaN	0	0	0
positional46,15,66,6,93-21-positional49,28,79,3,93	0.6666666666666666	12	4	18
positional39,18,58,10,82	0.5925925925925926	32	19	54
positional45,32,64,14,81	0.5833333333333334	42	26	72
positional48,16,73,11,93-19-positional39,21,67,7,94	0.5757575757575758	114	76	198
positional46,15,66,6,93	0.5722222222222222	103	72	180
positional48,16,73,11,93	0.5694444444444444	41	27	72
greedy-20-positional51,24,57,5,84	0.5666666666666667	102	75	180
positional46,15,66,6,93	0.5666666666666667	51	39	90
positional46,15,66,6,93	0.5666666666666667	153	109	270
positional48,16,73,11,93	0.5555555555555556	110	80	198
positional46,15,66,6,93	0.5555555555555556	30	23	54
positional39,18,58,10,82-0-positional39,21,67,7,94	0.55	99	77	180
positional45,30,59,11,91	0.5404040404040404	107	84	198
positional46,15,66,6,93-20-positional39,21,67,7,94	0.5347222222222222	77	58	144
positional46,15,66,6,93	0.5333333333333333	96	77	180
positional46,15,66,6,93	0.5324074074074074	115	97	216
positional46,15,66,6,93-20-positional39,21,67,7,94	0.5324074074074074	115	98	216
positional39,18,58,10,82	0.5277777777777778	95	77	180
positional45,32,64,14,81	0.5252525252525253	104	86	198
positional46,15,66,6,93	0.5	63	54	126
positional46,15,66,6,93	0.5	9	9	18
positional46,15,66,6,93	0.49074074074074076	53	51	108
positional46,15,66,6,93	0.4722222222222222	85	84	180
positional46,15,66,6,93	0.46825396825396826	59	61	126
mobility0.25-0-positional51,24,57,5,84	0.4074074074074074	44	61	108
mobility0.48-0-positional39,21,67,7,94	0.3888888888888889	56	84	144
positional48,16,73,11,93-10-mobility0.12	0.3888888888888889	21	32	54
positional46,15,66,6,93-10-mobility0.14	0.37777777777777777	34	56	90
corners	0.3611111111111111	13	22	36
positional48,16,73,11,93-19-mobility0.83	0.3333333333333333	6	10	18
mobility0.88-20-mobility0.77	0.3333333333333333	24	46	72
positional43,29,50,9,83-12-mobility0.95	0.3148148148148148	17	35	54
positional40,22,64,10,88-7-corners	0.3111111111111111	28	58	90
greedy	0.30952380952380953	39	80	126
greedy-22-mobility0.71	0.2916666666666667	21	46	72
corners-14-mobility0.74	0.29012345679012347	47	107	162
positional46,15,66,6,93-7-mobility0.17	0.2863247863247863	67	158	234
mobility0.77	0.2777777777777778	5	13	18
positional45,30,59,11,91-11-corners	0.2777777777777778	5	11	18
greedy	0.2727272727272727	54	138	198
greedy-22-greedy	0.25925925925925924	14	40	54
greedy	0.25555555555555554	23	60	90
corners	0.24691358024691357	40	115	162
positional46,15,66,6,93-8-corners	0.24242424242424243	48	146	198
greedy	0.24074074074074073	52	159	216
corners-17-mobility0.85	0.23809523809523808	60	184	252
corners	0.23333333333333334	21	66	90
positional46,15,66,6,93-14-stable0.44	0.2222222222222222	4	13	18
greedy-17-greedy	0.2222222222222222	44	149	198
positional39,18,58,10,82-9-stable0.92	0.1984126984126984	25	97	126
mobility0.79-0-positional39,21,67,7,94	0.17777777777777778	16	71	90
greedy-18-greedy	0.16666666666666666	24	116	144
