positional37,22,78,12,84	NaN	0	0	0
positional38,16,55,8,88-13-positional54,20,79,14,95	NaN	0	0	0
positional37,28,63,5,99-19-stable0.38	NaN	0	0	0
positional38,16,55,8,88	0.6666666666666666	36	17	54
positional37,28,63,5,99	0.6296296296296297	34	19	54
positional37,22,78,12,84	0.6203703703703703	67	38	108
positional38,16,55,8,88	0.6111111111111112	11	7	18
positional37,28,63,5,99-16-positional43,19,62,0,86	0.6	54	31	90
positional37,28,63,5,99-0-positional55,31,79,9,93	0.5944444444444444	107	66	180
positional37,28,63,5,99	0.5763888888888888	83	60	144
positional45,32,64,14,81-17-positional55,31,79,9,93	0.5757575757575758	114	76	198
positional38,16,55,8,88	0.5694444444444444	123	85	216
positional37,22,78,12,84	0.5666666666666667	51	35	90
positional38,16,55,8,88	0.5592592592592592	151	115	270
positional37,28,63,5,99	0.5555555555555556	100	76	180
positional38,16,55,8,88-10-positional55,31,79,9,93	0.5555555555555556	70	52	126
positional38,16,55,8,88	0.5555555555555556	140	106	252
positional37,22,78,12,84-19-positional39,20,65,13,97	0.5555555555555556	110	81	198
positional37,28,63,5,99-9-positional39,20,65,13,97	0.5555555555555556	100	75	180
positional38,16,55,8,88	0.5493827160493827	89	66	162
positional38,16,55,8,88	0.5396825396825397	68	54	126
positional43,29,50,9,83	0.5370370370370371	58	44	108
positional38,16,55,8,88-10-positional55,31,79,9,93	0.5299145299145299	124	102	234
positional37,28,63,5,99-0-positional49,28,79,3,93	0.5277777777777778	95	77	180
corners-20-positional39,20,65,13,97	0.5213675213675214	122	101	234
positional45,32,64,14,81	0.5185185185185185	28	25	54
positional38,16,55,8,88	0.5185185185185185	28	22	54
positional45,30,59,11,91	0.5158730158730159	65	58	126
positional37,22,78,12,84	0.5138888888888888	74	65	144
positional37,22,78,12,84	0.5123456790123457	83	72	162
positional38,16,55,8,88-0-positional49,28,79,3,93	0.5111111111111111	92	79	180
positional37,28,63,5,99	0.5	18	17	36
positional43,29,50,9,83-12-positional55,31,79,9,93	0.49206349206349204	62	57	126
positional37,22,78,12,84	0.4876543209876543	79	74	162
greedy	0.4444444444444444	8	10	18
mobility0.16	0.39814814814814814	43	62	108
stable0.09	0.37037037037037035	40	65	108
positional37,28,63,5,99-24-mobility0.11	0.3611111111111111	13	21	36
greedy	0.3611111111111111	65	111	180
positional38,16,55,8,88-11-mobility0.76	0.35185185185185186	38	65	108
positional37,28,63,5,99-23-mobility0.33	0.3472222222222222	75	133	216
positional37,28,63,5,99-10-corners	0.3333333333333333	60	114	180
positional37,22,78,12,84-10-mobility0.14	0.3282828282828283	65	127	198
positional37,22,78,12,84-19-corners	0.3	27	60	90
mobility0.77	0.2962962962962963	80	180	270
greedy-10-stable0.22	0.2839506172839506	46	110	162
mobility0.17-10-stable0.75	0.2777777777777778	25	63	90
mobility0.67-10-greedy	0.2777777777777778	10	24	36
corners	0.2777777777777778	35	89	126
positional37,28,63,5,99-5-stable0.69	0.2777777777777778	15	35	54
corners	0.2777777777777778	5	13	18
positional38,16,55,8,88-17-stable0.71	0.27350427350427353	64	163	234
positional37,22,78,12,84-10-corners	0.25925925925925924	42	117	162
positional38,16,55,8,88-15-mobility0.96	0.25396825396825395	32	88	126
positional37,22,78,12,84-19-mobility0.86	0.24603174603174602	31	92	126
positional43,29,50,9,83-7-corners	0.24537037037037038	53	155	216
positional45,32,64,14,81-23-corners	0.2222222222222222	16	52	72
greedy-6-corners	0.21428571428571427	27	98	126
positional38,16,55,8,88-22-mobility0.71	0.21296296296296297	23	81	108
positional37,28,63,5,99-11-corners	0.2037037037037037	33	122	162
