positional40,20,72,8,85	NaN	0	0	0
positional58,28,70,4,99-18-greedy	NaN	0	0	0
positional40,20,72,8,85	0.7777777777777778	14	2	18
positional36,28,63,0,84	0.7222222222222222	13	4	18
positional37,22,78,12,84	0.6481481481481481	35	19	54
positional58,28,70,4,99-15-positional30,32,58,6,94	0.6296296296296297	34	17	54
positional40,20,72,8,85	0.6203703703703703	67	39	108
positional30,25,79,9,92	0.6111111111111112	55	31	90
positional40,20,72,8,85	0.6111111111111112	11	7	18
positional58,28,70,4,99	0.6	54	33	90
positional45,32,64,14,81-0-corners	0.5833333333333334	63	41	108
positional58,28,70,4,99	0.5833333333333334	63	41	108
positional37,22,78,12,84	0.5714285714285714	72	51	126
positional37,22,78,12,84	0.5694444444444444	82	60	144
positional58,28,70,4,99	0.5666666666666667	102	74	180
positional37,22,78,12,84	0.5648148148148148	61	38	108
positional58,28,70,4,99-10-positional39,26,71,7,98	0.5641025641025641	132	91	234
positional58,28,70,4,99	0.5555555555555556	80	55	144
positional40,20,72,8,85-24-positional52,25,72,10,87	0.5555555555555556	30	22	54
positional43,29,50,9,83	0.5555555555555556	70	52	126
positional58,28,70,4,99-14-positional39,26,71,7,98	0.5486111111111112	79	59	144
positional58,28,70,4,99	0.5476190476190477	69	50	126
positional58,28,70,4,99	0.5454545454545454	108	84	198
positional40,20,72,8,85	0.5451388888888888	157	119	288
positional40,20,72,8,85-12-positional52,25,72,10,87	0.5432098765432098	88	69	162
positional37,22,78,12,84	0.5432098765432098	88	68	162
positional37,22,78,12,84-17-positional39,26,71,7,98	0.5347222222222222	77	63	144
positional37,22,78,12,84	0.5308641975308642	86	73	162
positional37,22,78,12,84-13-positional54,20,79,14,95	0.5252525252525253	104	84	198
positional40,20,72,8,85-23-positional39,26,71,7,98	0.5208333333333334	75	65	144
positional40,20,72,8,85-10-positional52,25,72,10,87	0.5185185185185185	84	74	162
corners-10-positional45,28,68,10,81	0.5	18	17	36
positional43,29,50,9,83	0.5	9	8	18
positional58,28,70,4,99-14-positional47,28,73,12,90	0.5	9	9	18
positional58,28,70,4,99	0.5	9	7	18
mobility0.47-20-greedy	0.4111111111111111	37	50	90
positional34,22,77,0,81-13-greedy	0.35185185185185186	19	32	54
mobility0.16	0.3253968253968254	82	164	252
positional58,28,70,4,99-9-greedy	0.3111111111111111	28	61	90
positional58,28,70,4,99-14-mobility0.33	0.3055555555555556	33	73	108
greedy-0-greedy	0.29914529914529914	70	162	234
positional58,28,70,4,99-10-mobility0.71	0.28888888888888886	26	62	90
positional59,18,55,7,88-21-corners	0.2777777777777778	10	25	36
stable0.09	0.2777777777777778	45	114	162
positional40,20,72,8,85-6-corners	0.27314814814814814	59	147	216
mobility0.17	0.2679738562091503	82	219	306
mobility0.88	0.2638888888888889	19	51	72
positional40,20,72,8,85-5-stable0.95	0.25925925925925924	42	116	162
positional40,20,72,8,85-11-mobility0.76	0.25396825396825395	32	86	126
positional58,28,70,4,99-12-stable0.61	0.25	27	78	108
positional58,28,70,4,99-10-corners	0.23809523809523808	30	93	126
positional40,20,72,8,85-6-corners	0.2361111111111111	17	55	72
positional40,20,72,8,85-23-corners	0.22916666666666666	33	107	144
corners-0-mobility0.11	0.22839506172839505	37	119	162
positional45,32,64,14,81-10-stable0.22	0.22777777777777777	41	135	180
positional58,28,70,4,99-21-stable0.13	0.2222222222222222	8	25	36
stable0.41-14-stable0.81	0.21666666666666667	39	136	180
mobility0.80	0.21428571428571427	27	97	126
stable0.08	0.2	18	69	90
greedy	0.1111111111111111	2	16	18
