corners-9-stable0.19	NaN	0	0	0
positional35,16,59,13,91-12-stable0.91	NaN	0	0	0
positional35,16,59,13,91	0.6666666666666666	12	6	18
positional35,16,59,13,91-15-positional30,32,58,6,94	0.6666666666666666	72	35	108
positional35,16,59,13,91	0.6555555555555556	59	31	90
positional35,17,78,7,99	0.6444444444444445	116	55	180
positional55,17,50,5,90	0.6444444444444445	58	30	90
positional35,17,78,7,99	0.6444444444444445	58	30	90
positional35,16,59,13,91-12-positional37,28,52,2,99	0.6333333333333333	57	30	90
positional37,22,78,12,84	0.5987654320987654	97	60	162
positional35,17,78,7,99	0.5888888888888889	106	67	180
positional37,22,78,12,84	0.5873015873015873	148	99	252
positional35,17,78,7,99-14-positional46,32,68,8,83	0.5833333333333334	21	12	36
positional35,16,59,13,91-13-positional49,29,62,3,97	0.5833333333333334	21	12	36
positional35,16,59,13,91	0.5808080808080808	115	79	198
positional35,16,59,13,91	0.5757575757575758	114	76	198
positional35,17,78,7,99	0.5740740740740741	62	42	108
positional35,17,78,7,99	0.5683760683760684	133	92	234
positional35,17,78,7,99	0.565359477124183	173	122	306
positional35,16,59,13,91	0.5648148148148148	122	86	216
positional35,16,59,13,91	0.5617283950617284	91	61	162
positional35,17,78,7,99	0.5598290598290598	131	93	234
positional35,17,78,7,99-9-positional40,29,51,12,96	0.5555555555555556	60	46	108
positional30,25,79,9,92	0.5555555555555556	10	6	18
positional35,17,78,7,99	0.5555555555555556	20	14	36
positional35,17,78,7,99	0.5512820512820513	129	99	234
positional35,16,59,13,91	0.5486111111111112	79	63	144
positional35,16,59,13,91-0-greedy	0.5370370370370371	29	21	54
positional35,17,78,7,99-0-positional30,32,58,6,94	0.5370370370370371	58	43	108
positional37,22,78,12,84	0.5317460317460317	67	54	126
positional35,16,59,13,91	0.5138888888888888	37	29	72
positional35,17,78,7,99-10-stable0.11	0.5	27	26	54
greedy-23-mobility0.72	0.4111111111111111	37	50	90
positional35,17,78,7,99-16-greedy	0.3888888888888889	7	10	18
mobility0.45-21-corners	0.345679012345679	56	101	162
greedy	0.34444444444444444	31	55	90
positional35,17,78,7,99-14-greedy	0.3333333333333333	6	12	18
corners-10-stable0.45	0.3333333333333333	6	10	18
positional41,18,79,13,82-12-stable0.08	0.3181818181818182	63	126	198
positional35,17,78,7,99-13-greedy	0.3125	45	99	144
positional35,17,78,7,99-16-stable0.05	0.30952380952380953	39	82	126
positional35,16,59,13,91-23-greedy	0.30864197530864196	50	107	162
positional35,16,59,13,91-14-mobility0.55	0.3055555555555556	33	70	108
greedy-0-positional47,28,73,12,90	0.29365079365079366	74	173	252
positional35,17,78,7,99-12-stable0.58	0.2916666666666667	21	51	72
positional35,16,59,13,91-8-corners	0.28888888888888886	26	60	90
positional35,17,78,7,99-14-corners	0.2727272727272727	54	138	198
positional35,17,78,7,99-21-corners	0.2716049382716049	44	110	162
positional35,17,78,7,99-5-greedy	0.26851851851851855	29	72	108
positional35,17,78,7,99-21-stable0.13	0.2611111111111111	47	129	180
positional35,17,78,7,99-14-stable0.81	0.25	36	102	144
positional35,17,78,7,99-11-greedy	0.2474747474747475	49	145	198
positional35,16,59,13,91-20-mobility1.00	0.24358974358974358	57	168	234
positional35,16,59,13,91-13-greedy	0.24074074074074073	52	153	216
positional35,16,59,13,91-22-stable0.02	0.23737373737373738	47	147	198
positional35,16,59,13,91-19-greedy	0.2222222222222222	4	14	18
positional36,28,63,0,84-8-mobility0.76	0.2222222222222222	4	13	18
positional35,17,78,7,99-9-corners	0.19696969696969696	39	156	198
greedy	0.18518518518518517	10	41	54
positional35,16,59,13,91-9-corners	0.18181818181818182	36	156	198
