positional35,33,77,12,92-20-corners	NaN	0	0	0
positional56,33,66,3,99-22-stable0.67	NaN	0	0	0
corners	NaN	0	0	0
positional57,25,65,13,98	0.7222222222222222	13	4	18
greedy-9-positional37,26,59,0,80	0.7222222222222222	65	24	90
positional40,17,63,3,92	0.6349206349206349	80	41	126
positional56,33,66,3,99	0.6296296296296297	68	32	108
positional36,28,63,0,84	0.6180555555555556	89	51	144
positional36,28,63,0,84-0-greedy	0.6172839506172839	100	60	162
positional57,25,65,13,98	0.6111111111111112	55	35	90
positional56,33,66,3,99	0.6111111111111112	77	44	126
positional35,33,77,12,92-12-positional37,26,76,13,80	0.6111111111111112	33	19	54
positional49,18,79,6,86-23-positional45,18,64,13,96	0.6031746031746031	76	45	126
positional57,25,65,13,98-20-positional34,34,76,8,95	0.5972222222222222	43	28	72
positional36,28,63,0,84	0.5952380952380952	150	93	252
positional57,25,65,13,98	0.5925925925925926	64	36	108
positional57,25,65,13,98	0.5793650793650794	73	49	126
positional30,25,79,9,92	0.5740740740740741	62	44	108
positional56,33,66,3,99	0.5694444444444444	82	54	144
positional56,33,66,3,99	0.5634920634920635	71	52	126
positional46,18,72,12,95-13-positional49,29,62,3,97	0.5598290598290598	131	96	234
positional56,33,66,3,99-16-positional45,18,64,13,96	0.5454545454545454	108	86	198
positional57,25,65,13,98-0-greedy	0.5404040404040404	107	82	198
positional57,25,65,13,98-12-positional37,28,52,2,99	0.48148148148148145	26	26	54
stable0.60-14-mobility0.58	0.48148148148148145	26	28	54
positional57,25,65,13,98-20-greedy	0.4583333333333333	66	74	144
positional46,18,72,12,95-10-mobility0.39	0.4583333333333333	33	35	72
positional58,30,66,9,86-23-stable0.18	0.4444444444444444	40	46	90
greedy	0.4444444444444444	16	20	36
positional57,25,65,13,98-11-greedy	0.42777777777777776	77	97	180
corners	0.4166666666666667	75	102	180
positional57,25,65,13,98-12-stable0.54	0.4074074074074074	44	60	108
stable0.91	0.3888888888888889	14	22	36
positional56,33,66,3,99-10-mobility0.50	0.3888888888888889	35	53	90
positional45,33,59,9,80-21-corners	0.373015873015873	47	75	126
greedy	0.3611111111111111	13	23	36
mobility0.45-0-positional30,32,58,6,94	0.35185185185185186	57	98	162
greedy-14-mobility0.59	0.3425925925925926	37	69	108
positional57,25,65,13,98-11-stable0.62	0.3395061728395062	55	106	162
mobility0.03-15-greedy	0.337037037037037	91	174	270
positional56,33,66,3,99-19-corners	0.3333333333333333	18	36	54
positional56,33,66,3,99-13-greedy	0.3253968253968254	41	81	126
positional57,25,65,13,98-20-stable0.02	0.32222222222222224	58	115	180
positional57,25,65,13,98-12-stable0.58	0.32222222222222224	87	177	270
greedy	0.32051282051282054	75	151	234
positional41,18,79,13,82-21-greedy	0.3148148148148148	17	35	54
greedy	0.3111111111111111	28	61	90
greedy-13-stable0.50	0.3055555555555556	11	25	36
positional43,26,73,11,83-14-greedy	0.30158730158730157	38	87	126
positional39,22,58,13,97-15-stable0.93	0.2916666666666667	63	148	216
stable0.96	0.28888888888888886	26	62	90
positional56,33,66,3,99-23-corners	0.2857142857142857	36	86	126
corners	0.28205128205128205	66	164	234
positional56,33,66,3,99-21-corners	0.2777777777777778	5	13	18
greedy	0.27314814814814814	59	151	216
corners	0.2698412698412698	34	86	126
corners	0.26851851851851855	58	151	216
positional56,33,66,3,99-8-corners	0.26495726495726496	62	167	234
positional56,33,66,3,99-12-stable0.91	0.24603174603174602	31	89	126
corners	0.2111111111111111	38	138	180
