positional56,19,58,3,90-16-mobility0.53	NaN	0	0	0
positional56,19,58,3,90-12-greedy	NaN	0	0	0
positional41,25,55,13,90-21-mobility0.51	NaN	0	0	0
positional57,34,78,8,95	NaN	0	0	0
positional32,17,51,1,98	0.7222222222222222	26	10	36
positional39,28,76,2,98	0.6888888888888889	62	26	90
positional40,17,63,3,92	0.6851851851851852	74	32	108
positional32,17,51,1,98	0.6666666666666666	12	6	18
positional49,18,79,6,86-22-positional41,26,57,6,83	0.6222222222222222	56	31	90
positional32,17,51,1,98	0.6190476190476191	78	44	126
positional32,17,51,1,98-8-positional58,15,71,13,87	0.6111111111111112	11	7	18
positional49,18,79,6,86-23-positional47,25,76,10,95	0.6111111111111112	132	78	216
positional56,19,58,3,90	0.6111111111111112	77	45	126
positional56,19,58,3,90	0.6111111111111112	22	12	36
positional56,19,58,3,90-0-greedy	0.6055555555555555	109	66	180
greedy-14-positional41,17,68,10,95	0.6	108	63	180
positional40,17,63,3,92-0-corners	0.5952380952380952	75	47	126
positional32,17,51,1,98	0.5952380952380952	150	93	252
positional32,17,51,1,98	0.594017094017094	139	83	234
positional50,22,66,11,94	0.5925925925925926	96	61	162
positional38,20,68,1,96-0-mobility0.39	0.5833333333333334	105	69	180
positional32,17,51,1,98-0-greedy	0.5683760683760684	133	92	234
positional38,20,68,1,96-13-positional49,29,62,3,97	0.5674603174603174	143	101	252
positional32,17,51,1,98-0-positional45,18,64,13,96	0.5656565656565656	112	79	198
corners-13-positional41,17,68,10,95	0.5634920634920635	71	53	126
positional56,19,58,3,90-12-positional49,29,62,3,97	0.5555555555555556	110	79	198
positional56,19,58,3,90	0.5555555555555556	70	52	126
positional43,26,73,11,83	0.5476190476190477	69	53	126
positional40,17,63,3,92	0.5444444444444444	49	36	90
positional56,19,58,3,90	0.5308641975308642	86	71	162
mobility0.03	0.43209876543209874	70	90	162
mobility0.08-24-stable0.34	0.4166666666666667	15	20	36
positional32,17,51,1,98-20-greedy	0.4	36	48	90
positional32,17,51,1,98-14-mobility0.59	0.39316239316239315	92	133	234
positional56,19,58,3,90	0.3888888888888889	7	10	18
stable0.30	0.3888888888888889	7	10	18
greedy-9-mobility0.55	0.36363636363636365	72	114	198
greedy-14-mobility0.40	0.3333333333333333	42	80	126
greedy	0.3333333333333333	30	57	90
greedy	0.32142857142857145	81	163	252
positional32,17,51,1,98-12-stable0.09	0.3125	45	94	144
greedy	0.3037037037037037	82	178	270
positional40,17,63,3,92-13-stable0.50	0.29797979797979796	59	135	198
positional32,17,51,1,98-14-greedy	0.2962962962962963	64	148	216
mobility0.52-13-greedy	0.29365079365079366	37	84	126
positional32,17,51,1,98-11-stable0.62	0.2916666666666667	63	146	216
stable0.60	0.2896825396825397	73	165	252
corners	0.28888888888888886	52	122	180
positional56,19,58,3,90-10-corners	0.2828282828282828	56	140	198
greedy-10-mobility0.50	0.2777777777777778	40	102	144
positional32,17,51,1,98-22-corners	0.2777777777777778	20	50	72
greedy	0.2722222222222222	49	126	180
positional41,19,71,3,91-21-greedy	0.25	9	26	36
positional38,20,68,1,96-21-greedy	0.25	45	124	180
positional40,17,63,3,92-21-corners	0.24444444444444444	22	68	90
positional32,17,51,1,98-8-stable0.48	0.23809523809523808	30	93	126
positional32,17,51,1,98-22-greedy	0.23232323232323232	46	145	198
positional55,19,54,10,89-20-stable0.66	0.2222222222222222	16	51	72
stable0.37	0.2222222222222222	8	28	36
stable0.96	0.2111111111111111	38	135	180
