positional41,27,59,0,86-24-mobility0.29	NaN	0	0	0
positional33,33,69,11,96	NaN	0	0	0
positional35,19,76,6,87	0.8888888888888888	16	2	18
positional41,29,76,13,81	0.7222222222222222	13	3	18
positional33,33,69,11,96	0.6296296296296297	68	35	108
positional41,29,76,13,81-17-positional33,23,53,14,96	0.6111111111111112	11	7	18
positional41,27,59,0,86	0.6111111111111112	11	6	18
positional33,33,69,11,96-0-positional49,31,75,7,88	0.6049382716049383	98	49	162
positional41,27,59,0,86	0.5982905982905983	140	89	234
positional41,27,59,0,86	0.5909090909090909	117	73	198
positional41,25,55,13,90	0.5833333333333334	63	40	108
positional33,33,69,11,96	0.5694444444444444	82	58	144
positional44,18,70,4,96	0.5694444444444444	41	26	72
positional35,19,76,6,87	0.5694444444444444	41	29	72
positional42,31,62,1,84	0.5694444444444444	123	81	216
positional41,27,59,0,86	0.5679012345679012	92	66	162
positional41,19,71,3,91-21-positional58,15,71,13,87	0.5625	81	58	144
positional35,19,76,6,87-0-positional38,30,75,8,97	0.5611111111111111	101	75	180
corners-20-positional48,29,68,1,81	0.5555555555555556	10	8	18
positional33,33,69,11,96-0-positional58,15,71,13,87	0.5476190476190477	69	52	126
positional33,33,69,11,96-0-positional37,21,61,5,98	0.5432098765432098	88	70	162
positional33,33,69,11,96-0-corners	0.5432098765432098	88	71	162
positional33,33,69,11,96	0.5370370370370371	29	22	54
positional33,33,69,11,96-0-positional49,29,62,3,97	0.5347222222222222	77	61	144
positional39,28,76,2,98	0.5277777777777778	76	60	144
positional39,28,76,2,98-0-positional41,17,68,10,95	0.5231481481481481	113	96	216
positional41,29,76,13,81	0.5202020202020202	103	89	198
positional41,27,59,0,86	0.5185185185185185	28	24	54
positional33,33,69,11,96	0.5158730158730159	130	113	252
positional38,20,68,1,96	0.5138888888888888	74	60	144
positional33,33,69,11,96	0.5061728395061729	82	72	162
positional33,33,69,11,96-0-greedy	0.5050505050505051	100	96	198
positional33,15,71,7,84	0.5	9	8	18
positional41,27,59,0,86	0.5	36	33	72
positional43,26,73,11,83-9-positional38,30,75,8,97	0.49537037037037035	107	98	216
positional33,33,69,11,96-0-positional38,30,75,8,97	0.49444444444444446	89	82	180
positional57,34,78,8,95	0.49382716049382713	80	73	162
positional35,19,76,6,87	0.48412698412698413	61	61	126
positional33,33,69,11,96	0.48333333333333334	87	82	180
positional36,30,57,8,80	0.48148148148148145	26	26	54
positional44,18,70,4,96	0.47474747474747475	94	101	198
positional33,33,69,11,96-8-positional44,24,72,11,95	0.4666666666666667	42	45	90
positional33,33,69,11,96-22-mobility0.03	0.36666666666666664	33	55	90
positional39,28,76,2,98-9-mobility0.03	0.2916666666666667	21	50	72
positional41,29,76,13,81-19-stable0.60	0.26666666666666666	24	63	90
corners-14-mobility0.58	0.2619047619047619	33	91	126
positional39,28,76,2,98-8-stable0.48	0.25925925925925924	56	154	216
positional41,29,76,13,81-21-stable0.34	0.25793650793650796	65	175	252
greedy-14-greedy	0.25	36	102	144
positional35,19,76,6,87-13-mobility0.08	0.2345679012345679	38	121	162
positional39,28,76,2,98-20-stable0.66	0.23232323232323232	46	148	198
positional33,33,69,11,96-16-greedy	0.2222222222222222	4	13	18
stable0.37-13-greedy	0.2222222222222222	32	108	144
positional33,33,69,11,96-8-corners	0.21428571428571427	54	193	252
greedy-12-greedy	0.2013888888888889	29	110	144
positional33,33,69,11,96-10-corners	0.19444444444444445	28	109	144
positional35,19,76,6,87-16-corners	0.1875	27	109	144
positional41,27,59,0,86-16-corners	0.1794871794871795	42	181	234
positional52,23,76,10,82-11-corners	0.16666666666666666	30	143	180
greedy	0.16666666666666666	6	28	36
