stable0.74-11-mobility0.94	NaN	0	0	0
greedy-11-mobility0.69	NaN	0	0	0
positional32,32,66,5,93	NaN	0	0	0
positional44,27,54,3,89	NaN	0	0	0
positional41,26,70,11,86	NaN	0	0	0
positional31,24,59,0,99	NaN	0	0	0
stable0.68-19-mobility0.39	NaN	0	0	0
positional41,26,70,11,86-19-corners	NaN	0	0	0
positional56,20,56,12,99	0.625	45	20	72
positional36,20,60,2,93-19-positional51,21,65,9,87	0.6041666666666666	87	54	144
positional32,32,66,5,93	0.5811965811965812	136	88	234
positional50,34,72,11,85-0-corners	0.5769230769230769	135	89	234
positional39,20,57,6,96-20-positional40,15,73,2,91	0.5757575757575758	114	75	198
positional41,31,69,3,89-23-positional44,26,56,2,89	0.5722222222222222	103	69	180
positional50,34,72,11,85-0-positional37,15,58,14,94	0.5666666666666667	102	73	180
positional36,20,60,2,93-12-positional39,25,67,8,98	0.5666666666666667	51	34	90
greedy-21-positional55,30,66,11,96	0.5606060606060606	111	82	198
positional41,31,69,3,89	0.5598290598290598	131	93	234
positional31,24,59,0,99	0.5555555555555556	70	51	126
positional31,24,59,0,99-14-positional37,15,58,14,94	0.5555555555555556	120	85	216
positional41,26,70,11,86	0.5555555555555556	90	63	162
positional36,20,60,2,93-7-positional37,15,58,14,94	0.5555555555555556	140	105	252
positional36,20,60,2,93	0.5555555555555556	90	66	162
positional31,24,59,0,99-0-positional40,15,73,2,91	0.5476190476190477	69	51	126
greedy-13-positional32,30,59,1,91	0.5462962962962963	59	46	108
positional50,34,72,11,85	0.5416666666666666	117	94	216
positional41,31,69,3,89	0.5416666666666666	117	92	216
positional32,32,66,5,93-0-positional44,26,56,2,89	0.5404040404040404	107	83	198
positional50,34,72,11,85-22-positional32,26,58,4,88	0.5277777777777778	133	109	252
positional44,19,55,4,95	0.5092592592592593	55	50	108
positional41,26,70,11,86-12-greedy	0.4444444444444444	16	20	36
positional36,20,60,2,93	0.4444444444444444	8	10	18
corners-22-greedy	0.4444444444444444	8	10	18
positional50,34,72,11,85	0.3888888888888889	7	8	18
positional41,26,70,11,86-19-mobility0.62	0.3888888888888889	7	11	18
stable0.73-22-corners	0.3611111111111111	13	23	36
positional42,21,69,10,82-15-mobility0.65	0.3333333333333333	6	9	18
positional39,20,57,6,96-22-mobility0.69	0.3333333333333333	30	57	90
mobility0.17	0.32407407407407407	35	72	108
corners	0.2986111111111111	43	100	144
positional50,34,72,11,85-13-greedy	0.2962962962962963	32	69	108
positional39,20,57,6,96-19-corners	0.2948717948717949	69	159	234
stable0.68-14-greedy	0.2839506172839506	46	113	162
positional32,32,66,5,93-7-corners	0.2777777777777778	20	49	72
greedy-19-greedy	0.2777777777777778	40	98	144
greedy-14-greedy	0.2777777777777778	50	126	180
mobility0.20	0.27314814814814814	59	146	216
positional41,26,70,11,86-14-mobility0.03	0.2716049382716049	44	114	162
positional32,32,66,5,93-22-stable0.80	0.2638888888888889	19	50	72
positional41,31,69,3,89-14-greedy	0.24074074074074073	39	120	162
mobility0.75-7-corners	0.24074074074074073	26	76	108
positional50,34,72,11,85-22-stable0.13	0.2388888888888889	43	132	180
stable0.68	0.23809523809523808	30	93	126
positional41,26,70,11,86-14-stable0.62	0.23232323232323232	46	144	198
stable0.68	0.23148148148148148	25	81	108
positional32,32,66,5,93-7-corners	0.22916666666666666	66	214	288
positional50,34,72,11,85-14-corners	0.2222222222222222	4	12	18
positional32,32,66,5,93-22-mobility0.73	0.1746031746031746	22	96	126
stable0.85	0.16666666666666666	9	42	54
positional44,19,55,4,95-7-corners	0.16666666666666666	21	104	126
