positional35,31,78,14,97-14-positional54,15,57,10,83	NaN	0	0	0
positional35,31,78,14,97-9-stable0.99	NaN	0	0	0
positional55,31,59,13,97-17-mobility0.54	NaN	0	0	0
positional54,23,50,3,86-14-positional43,19,53,2,87	NaN	0	0	0
positional31,25,65,2,80-23-positional44,26,56,2,89	0.6666666666666666	96	46	144
positional58,18,75,5,97	0.6666666666666666	24	9	36
positional30,24,60,11,81	0.654320987654321	106	54	162
mobility0.37-18-positional51,21,65,9,87	0.6349206349206349	80	43	126
greedy-17-positional55,25,65,8,81	0.6212121212121212	123	72	198
positional58,18,75,5,97	0.6111111111111112	22	13	36
positional35,31,78,14,97	0.6111111111111112	22	14	36
positional49,23,60,1,81-0-positional50,34,71,7,82	0.6111111111111112	66	36	108
positional49,23,60,1,81	0.6111111111111112	55	33	90
positional49,23,60,1,81	0.6018518518518519	65	37	108
positional54,23,50,3,86	0.5959595959595959	118	77	198
positional54,23,50,3,86	0.5925925925925926	32	20	54
positional54,23,50,3,86-0-mobility0.62	0.5925925925925926	96	64	162
positional58,18,75,5,97-22-positional50,34,71,7,82	0.5912698412698413	149	96	252
positional49,23,60,1,81-0-positional50,26,52,9,87	0.5833333333333334	63	43	108
positional58,18,75,5,97-0-positional37,15,58,14,94	0.5833333333333334	63	41	108
positional55,31,59,13,97-0-corners	0.5833333333333334	63	43	108
stable0.53-7-positional51,22,61,0,84	0.5833333333333334	42	28	72
positional31,25,65,2,80	0.5802469135802469	94	63	162
positional41,31,69,3,89	0.5740740740740741	93	59	162
positional54,23,50,3,86	0.5740740740740741	93	63	162
positional55,31,59,13,97	0.5634920634920635	71	50	126
positional58,18,75,5,97	0.5555555555555556	10	8	18
positional54,23,50,3,86	0.5486111111111112	79	63	144
positional55,31,59,13,97-19-greedy	0.4722222222222222	17	19	36
positional35,31,78,14,97-17-stable0.39	0.4444444444444444	16	18	36
positional55,31,59,13,97-22-greedy	0.37222222222222223	67	108	180
stable0.06	0.35185185185185186	19	32	54
positional58,18,75,5,97-14-corners	0.3402777777777778	49	90	144
positional30,24,60,11,81-9-corners	0.3333333333333333	6	11	18
mobility0.37	0.3333333333333333	78	150	234
positional37,20,66,1,99-22-corners	0.3333333333333333	6	12	18
greedy	0.3333333333333333	54	103	162
positional35,31,78,14,97-9-mobility0.71	0.3333333333333333	48	92	144
positional35,31,78,14,97-19-mobility0.94	0.3333333333333333	60	115	180
stable0.53-15-mobility0.65	0.33055555555555555	119	231	360
mobility0.72	0.3253968253968254	41	78	126
positional58,18,75,5,97-8-mobility0.39	0.3194444444444444	23	49	72
mobility0.17-0-positional40,15,73,2,91	0.31666666666666665	57	120	180
mobility0.91	0.3148148148148148	17	34	54
greedy	0.3148148148148148	34	71	108
stable0.53	0.3034188034188034	71	155	234
greedy	0.29365079365079366	37	87	126
greedy	0.29365079365079366	37	81	126
positional41,31,69,3,89-16-greedy	0.28703703703703703	31	75	108
stable0.53-14-corners	0.2863247863247863	67	160	234
positional54,23,50,3,86-22-mobility0.82	0.2777777777777778	55	134	198
greedy-7-mobility0.51	0.2777777777777778	5	13	18
positional58,18,75,5,97-7-corners	0.26851851851851855	29	75	108
greedy-7-corners	0.2638888888888889	57	155	216
greedy	0.25925925925925924	42	112	162
stable0.53	0.2564102564102564	60	164	234
positional41,31,69,3,89-13-greedy	0.25555555555555554	46	128	180
stable0.85-0-corners	0.24444444444444444	44	125	180
greedy-13-corners	0.2175925925925926	47	164	216
positional41,31,69,3,89-12-greedy	0.16666666666666666	12	59	72
