positional40,16,53,8,95-17-corners	NaN	0	0	0
positional41,32,77,6,80	NaN	0	0	0
positional37,24,69,7,91	NaN	0	0	0
positional52,23,72,9,99	0.6888888888888889	62	26	90
positional37,20,66,1,99	0.6333333333333333	57	31	90
positional35,24,59,13,93-14-positional51,28,78,8,90	0.6296296296296297	34	17	54
corners-22-positional50,29,68,14,95	0.625	45	22	72
positional34,34,76,4,84	0.6185185185185185	167	96	270
positional41,32,77,6,80-23-positional44,26,56,2,89	0.6111111111111112	132	81	216
positional40,16,53,8,95	0.6111111111111112	55	31	90
positional52,23,72,9,99	0.6111111111111112	11	7	18
positional34,34,76,4,84	0.5952380952380952	75	49	126
positional52,23,72,9,99	0.5888888888888889	106	67	180
positional52,23,72,9,99	0.5873015873015873	148	93	252
positional37,24,69,7,91	0.5833333333333334	42	28	72
positional37,20,66,1,99	0.5833333333333334	63	43	108
positional52,23,72,9,99	0.5833333333333334	84	58	144
positional37,24,69,7,91	0.5802469135802469	94	62	162
positional40,16,53,8,95	0.5763888888888888	83	54	144
positional35,24,59,13,93-22-positional32,25,59,10,93	0.5722222222222222	103	76	180
positional52,23,72,9,99	0.5703703703703704	154	104	270
positional52,23,72,9,99	0.5694444444444444	41	28	72
positional35,24,59,13,93-0-mobility0.62	0.5679012345679012	92	60	162
positional31,25,65,2,80	0.5493827160493827	89	68	162
positional35,24,59,13,93	0.5317460317460317	67	52	126
greedy-17-positional44,26,56,2,89	0.5208333333333334	75	66	144
positional35,24,59,13,93-14-positional51,22,61,0,84	0.5	27	21	54
positional37,20,66,1,99-16-mobility0.50	0.40476190476190477	51	69	126
positional52,23,72,9,99-14-mobility0.45	0.3888888888888889	14	22	36
positional37,24,69,7,91-7-stable0.10	0.3888888888888889	7	11	18
mobility0.64-9-mobility0.75	0.37037037037037035	20	34	54
mobility0.37-0-positional50,34,71,7,82	0.37037037037037035	80	126	216
mobility0.37	0.36574074074074076	79	132	216
positional37,24,69,7,91-16-stable0.63	0.3611111111111111	26	43	72
mobility0.87	0.3541666666666667	51	86	144
positional35,24,59,13,93-23-greedy	0.34444444444444444	31	58	90
greedy-19-greedy	0.3412698412698413	43	78	126
positional52,23,72,9,99-12-greedy	0.3333333333333333	6	11	18
positional34,34,76,4,84-15-greedy	0.3333333333333333	12	23	36
positional30,16,56,5,84-8-mobility0.39	0.3271604938271605	53	106	162
positional52,23,72,9,99-12-greedy	0.3148148148148148	85	173	270
positional37,24,69,7,91-7-mobility0.71	0.3125	45	95	144
positional35,24,59,13,93-23-mobility0.02	0.30952380952380953	39	86	126
positional40,16,53,8,95-12-mobility0.91	0.30952380952380953	39	82	126
positional35,24,59,13,93-5-greedy	0.30952380952380953	39	82	126
greedy	0.30808080808080807	61	131	198
positional30,16,56,5,84-23-stable0.34	0.3055555555555556	44	94	144
mobility0.01-19-corners	0.3055555555555556	11	25	36
stable0.86-17-stable0.92	0.2777777777777778	5	11	18
stable0.86	0.27314814814814814	59	146	216
greedy	0.2722222222222222	49	123	180
mobility0.91	0.2722222222222222	49	124	180
positional52,23,72,9,99-17-stable0.89	0.2716049382716049	44	113	162
mobility0.61-15-stable0.03	0.2638888888888889	19	50	72
greedy-0-positional50,34,71,7,82	0.2606837606837607	61	166	234
positional31,25,65,2,80-16-greedy	0.24074074074074073	26	80	108
stable0.86	0.21481481481481482	58	195	270
positional34,34,76,4,84-17-stable0.39	0.21296296296296297	46	164	216
stable0.06	0.18253968253968253	23	96	126
positional35,24,59,13,93-11-greedy	0.1111111111111111	2	15	18
