positional47,20,60,2,93	NaN	0	0	0
positional35,28,76,13,87-0-positional44,26,56,2,89	0.625	90	51	144
positional35,24,74,11,92	0.6111111111111112	121	72	198
corners-18-positional36,31,62,2,89	0.6111111111111112	99	58	162
positional34,34,76,4,84	0.6111111111111112	22	14	36
positional43,18,65,9,98	0.6111111111111112	66	41	108
positional35,24,74,11,92	0.6041666666666666	87	55	144
positional34,34,76,4,84-22-positional50,29,68,14,95	0.6037037037037037	163	95	270
positional35,24,74,11,92	0.6	108	63	180
positional35,24,74,11,92	0.5972222222222222	86	54	144
positional34,34,76,4,84	0.5925925925925926	64	44	108
positional35,28,76,13,87-17-positional36,31,62,2,89	0.5925925925925926	64	41	108
corners-13-positional40,16,65,2,88	0.5925925925925926	64	40	108
positional34,34,76,4,84-22-positional50,29,68,14,95	0.5873015873015873	74	49	126
positional35,24,74,11,92	0.5864197530864198	95	62	162
positional35,24,74,11,92	0.5833333333333334	63	44	108
positional34,34,76,4,84-9-positional51,17,71,13,92	0.5833333333333334	21	14	36
positional35,28,76,13,87	0.5833333333333334	63	38	108
positional35,24,74,11,92	0.5808080808080808	115	77	198
positional35,24,74,11,92	0.5793650793650794	73	48	126
positional47,20,60,2,93	0.5740740740740741	124	83	216
positional35,28,76,13,87	0.5515873015873016	139	101	252
positional34,19,73,2,92	0.5505050505050505	109	82	198
positional35,24,74,11,92	0.5462962962962963	118	93	216
positional35,28,76,13,87	0.5444444444444444	147	117	270
positional35,28,76,13,87	0.5436507936507936	137	110	252
positional34,19,73,2,92	0.5370370370370371	58	43	108
positional47,20,60,2,93	0.5353535353535354	106	84	198
positional35,28,76,13,87-23-positional44,26,56,2,89	0.5	63	60	126
positional35,24,74,11,92-14-positional40,16,65,2,88	0.5	9	9	18
mobility0.60	0.4074074074074074	22	29	54
corners	0.3888888888888889	7	11	18
mobility0.61	0.373015873015873	47	77	126
positional34,19,73,2,92-18-stable0.52	0.3611111111111111	13	20	36
positional35,28,76,13,87-16-mobility0.50	0.3472222222222222	75	135	216
mobility0.64	0.3333333333333333	6	12	18
stable0.72	0.3271604938271605	53	105	162
positional35,28,76,13,87-15-greedy	0.3194444444444444	69	142	216
positional41,32,77,6,80-9-mobility0.23	0.3148148148148148	17	37	54
positional54,31,69,14,83-19-stable0.70	0.30952380952380953	39	80	126
positional34,19,73,2,92-16-stable0.63	0.2951388888888889	85	193	288
stable0.72-17-corners	0.28888888888888886	52	123	180
greedy-13-mobility0.96	0.2777777777777778	15	39	54
positional35,28,76,13,87-14-greedy	0.2777777777777778	30	76	108
positional54,19,64,14,90-21-corners	0.2777777777777778	10	25	36
positional47,20,60,2,93-19-corners	0.27380952380952384	69	178	252
mobility0.36-24-greedy	0.2619047619047619	33	92	126
positional34,19,73,2,92-9-mobility0.75	0.25555555555555554	46	129	180
positional34,19,73,2,92-16-stable0.44	0.25	18	53	72
greedy-14-mobility0.45	0.24305555555555555	35	103	144
mobility0.67-10-corners	0.24074074074074073	39	116	162
positional47,20,60,2,93-17-stable0.92	0.24074074074074073	39	118	162
positional35,28,76,13,87-23-stable0.34	0.22777777777777777	41	135	180
positional47,20,60,2,93-19-corners	0.2222222222222222	4	14	18
positional34,34,76,4,84-11-greedy	0.2152777777777778	31	112	144
positional47,20,60,2,93-22-corners	0.20833333333333334	15	53	72
stable0.72	0.2	36	140	180
positional34,19,73,2,92-19-stable0.89	0.19047619047619047	24	101	126
positional31,20,58,0,90-7-corners	0.16666666666666666	6	28	36
corners	0.14814814814814814	8	44	54
