positional58,20,64,0,86	NaN	0	0	0
positional55,20,67,0,87-7-corners	NaN	0	0	0
stable0.04-16-corners	NaN	0	0	0
mobility0.74	NaN	0	0	0
positional40,17,58,4,84	0.7222222222222222	13	3	18
positional51,24,68,14,97	0.6666666666666666	24	10	36
corners-14-positional56,24,62,0,86	0.6666666666666666	12	5	18
positional51,34,65,13,82-0-positional33,23,63,2,86	0.6333333333333333	57	33	90
positional58,20,64,0,86	0.6296296296296297	34	17	54
positional51,34,65,13,82	0.6111111111111112	22	12	36
positional51,34,65,13,82	0.6111111111111112	77	45	126
positional51,24,68,14,97	0.6111111111111112	110	67	180
positional43,18,65,9,98	0.6049382716049383	98	58	162
positional43,18,65,9,98	0.6041666666666666	87	53	144
positional55,20,67,0,87	0.6031746031746031	76	47	126
positional51,24,68,14,97-0-positional44,26,56,2,89	0.5925925925925926	128	83	216
positional51,34,65,13,82	0.5925925925925926	96	66	162
positional54,31,69,14,83	0.5873015873015873	74	49	126
positional51,34,65,13,82-14-positional46,17,76,13,85	0.5858585858585859	116	75	198
positional51,34,65,13,82	0.5802469135802469	94	63	162
positional58,20,64,0,86	0.5763888888888888	83	58	144
positional45,26,50,11,89	0.5740740740740741	93	62	162
positional55,20,67,0,87	0.5666666666666667	51	37	90
positional51,24,68,14,97	0.5634920634920635	71	52	126
corners-13-positional45,26,50,4,95	0.5625	81	59	144
positional54,19,64,14,90-14-positional46,17,76,13,85	0.5505050505050505	109	78	198
positional55,20,67,0,87-14-positional59,17,76,5,83	0.5470085470085471	128	96	234
positional43,18,65,9,98	0.5347222222222222	77	63	144
positional31,20,58,0,90	0.5231481481481481	113	95	216
stable0.98-23-positional46,17,76,13,85	0.5092592592592593	55	49	108
positional51,34,65,13,82	0.5055555555555555	91	82	180
positional55,20,67,0,87	0.5	18	15	36
positional54,19,64,14,90-7-mobility0.30	0.4166666666666667	15	21	36
greedy	0.3888888888888889	14	21	36
greedy	0.3888888888888889	7	11	18
positional51,24,68,14,97-12-stable0.06	0.37962962962962965	41	63	108
positional59,22,73,3,82-20-corners	0.3611111111111111	26	44	72
corners	0.3402777777777778	49	89	144
stable0.72-11-greedy	0.3055555555555556	22	48	72
positional51,34,65,13,82-14-mobility0.23	0.3055555555555556	55	120	180
positional45,26,50,11,89-15-mobility0.88	0.3055555555555556	22	47	72
positional58,20,64,0,86-16-stable0.44	0.29797979797979796	59	135	198
positional43,18,65,9,98-13-stable0.60	0.2916666666666667	42	98	144
corners	0.2833333333333333	51	122	180
greedy-22-mobility0.90	0.2777777777777778	20	50	72
positional55,20,67,0,87-8-stable0.32	0.2777777777777778	5	12	18
positional55,20,67,0,87-19-stable0.70	0.2638888888888889	57	153	216
positional45,26,50,11,89-18-stable0.90	0.2638888888888889	19	50	72
corners	0.25925925925925924	56	152	216
positional58,20,64,0,86-24-greedy	0.25793650793650796	65	176	252
corners-17-greedy	0.25555555555555554	23	65	90
corners	0.25252525252525254	50	141	198
greedy	0.24603174603174602	31	89	126
greedy	0.24358974358974358	57	171	234
corners	0.24074074074074073	39	118	162
corners	0.23333333333333334	21	65	90
positional56,15,61,2,82-13-stable0.51	0.23333333333333334	42	128	180
corners-0-positional33,23,63,2,86	0.22916666666666666	33	103	144
positional51,34,65,13,82-24-corners	0.19135802469135801	31	126	162
stable0.59	0.18888888888888888	34	137	180
