positional38,20,68,1,96	0.6296296296296297	68	38	108
positional57,34,78,8,95	0.5888888888888889	106	71	180
positional35,19,76,6,87	0.5851851851851851	158	107	270
positional41,27,59,0,86	0.5833333333333334	84	58	144
positional33,33,69,11,96	0.5777777777777777	52	37	90
positional33,33,69,11,96	0.5555555555555556	140	101	252
positional42,31,62,1,84	0.5476190476190477	69	54	126
positional33,33,69,11,96-9-positional38,30,75,8,97	0.5416666666666666	78	62	144
positional33,33,69,11,96	0.5416666666666666	117	90	216
positional33,33,69,11,96	0.5396825396825397	68	48	126
positional41,27,59,0,86	0.5396825396825397	136	108	252
positional33,33,69,11,96-9-positional38,30,75,8,97	0.5370370370370371	87	70	162
positional33,33,69,11,96	0.5347222222222222	77	64	144
positional42,31,62,1,84	0.5333333333333333	96	78	180
positional33,33,69,11,96	0.5299145299145299	124	106	234
positional33,33,69,11,96	0.5294117647058824	162	138	306
positional33,33,69,11,96	0.5277777777777778	57	50	108
positional41,25,55,13,90-0-positional33,23,53,14,96	0.5238095238095238	66	59	126
positional33,33,69,11,96-17-positional33,23,53,14,96	0.5231481481481481	113	94	216
positional41,27,59,0,86	0.5231481481481481	113	88	216
positional41,29,76,13,81	0.5231481481481481	113	95	216
positional33,33,69,11,96	0.5222222222222223	94	79	180
positional33,33,69,11,96	0.5222222222222223	47	40	90
positional33,33,69,11,96-0-positional38,30,75,8,97	0.5185185185185185	56	50	108
positional36,30,57,8,80	0.5185185185185185	112	94	216
positional41,27,59,0,86	0.5151515151515151	102	90	198
positional41,29,76,13,81	0.5138888888888888	111	97	216
positional41,27,59,0,86	0.5123456790123457	83	76	162
positional33,33,69,11,96	0.5111111111111111	92	83	180
positional33,33,69,11,96-0-positional58,15,71,13,87	0.5111111111111111	92	85	180
positional41,27,59,0,86-0-positional58,15,71,13,87	0.5085470085470085	119	109	234
positional41,27,59,0,86-9-positional38,30,75,8,97	0.5050505050505051	100	88	198
positional39,28,76,2,98	0.5037037037037037	136	125	270
positional35,19,76,6,87-0-positional58,15,71,13,87	0.5	117	107	234
positional41,27,59,0,86	0.5	81	75	162
positional41,27,59,0,86	0.5	54	53	108
positional39,28,76,2,98	0.5	117	106	234
positional42,31,62,1,84	0.5	108	100	216
positional33,33,69,11,96	0.48412698412698413	61	62	126
positional35,19,76,6,87	0.48412698412698413	122	122	252
positional41,27,59,0,86	0.4740740740740741	128	132	270
positional41,29,76,13,81	0.4722222222222222	68	73	144
positional33,33,69,11,96-0-positional38,30,75,8,97	0.4703703703703704	127	134	270
positional33,33,69,11,96	0.4691358024691358	76	81	162
positional33,33,69,11,96-17-positional33,23,53,14,96	0.46825396825396826	59	60	126
positional41,29,76,13,81	0.4675925925925926	101	109	216
positional33,33,69,11,96-14-positional38,30,75,8,97	0.4666666666666667	84	90	180
positional41,27,59,0,86	0.4666666666666667	84	93	180
positional33,33,69,11,96	0.4666666666666667	84	89	180
positional33,33,69,11,96	0.4603174603174603	58	63	126
positional33,33,69,11,96	0.4567901234567901	74	83	162
positional36,30,57,8,80	0.4537037037037037	98	113	216
positional33,33,69,11,96	0.4444444444444444	56	65	126
positional33,33,69,11,96-0-positional49,31,75,7,88	0.4351851851851852	47	57	108
positional42,31,62,1,84-9-mobility0.03	0.24242424242424243	48	147	198
corners-22-mobility0.03	0.23333333333333334	42	136	180
greedy	0.21666666666666667	39	133	180
positional41,27,59,0,86-24-mobility0.29	0.19444444444444445	28	110	144
corners	0.18055555555555555	26	115	144
positional35,19,76,6,87-11-corners	0.1388888888888889	15	90	108
