positional36,46,65,16,76-20-greedy	NaN	0	0	0
positional36,46,65,16,76	NaN	0	0	0
positional36,46,65,16,76	NaN	0	0	0
positional51,39,79,33,94-14-positional46,29,56,17,93	NaN	0	0	0
positional35,27,68,15,80-0-positional35,27,74,29,79	NaN	0	0	0
positional35,27,68,15,80	NaN	0	0	0
positional51,39,79,33,94-18-stable0.74	NaN	0	0	0
positional61,34,70,6,94	NaN	0	0	0
positional51,39,79,33,94-18-stable0.74	NaN	0	0	0
positional36,46,65,16,76	NaN	0	0	0
positional35,27,68,15,80	NaN	0	0	0
positional35,27,68,15,80	NaN	0	0	0
positional51,39,79,33,94-14-positional46,29,56,17,93	0.875	7	1	8
positional51,39,79,33,94-0-positional35,24,58,23,67	0.8333333333333334	5	0	6
positional35,27,68,15,80-0-positional58,37,59,4,92	0.8125	13	3	16
positional36,46,65,16,76-0-positional58,37,59,4,92	0.75	6	2	8
positional50,28,79,25,73	0.7142857142857143	10	4	14
positional51,39,79,33,94	0.7105263157894737	27	10	38
positional35,27,68,15,80	0.65625	21	11	32
positional35,27,68,15,80	0.65625	21	11	32
positional36,46,65,16,76-0-greedy	0.625	10	6	16
positional36,46,65,16,76	0.6014492753623188	83	52	138
positional36,46,65,16,76	0.6014492753623188	83	52	138
positional51,39,79,33,94-14-positional46,29,56,17,93	0.5833333333333334	14	10	24
positional36,46,65,16,76	0.5818181818181818	64	42	110
positional36,46,65,16,76	0.5818181818181818	64	42	110
positional36,46,65,16,76	0.5818181818181818	64	42	110
positional36,46,65,16,76	0.5818181818181818	64	42	110
positional51,39,79,33,94	0.5714285714285714	8	5	14
mobility0.35-12-positional35,27,74,29,79	0.5625	9	6	16
positional35,27,68,15,80	0.5416666666666666	13	10	24
positional36,46,65,16,76	0.5	8	8	16
positional36,46,65,16,76	0.5	4	4	8
positional35,27,68,15,80	0.5	8	7	16
positional36,46,65,16,76	0.4583333333333333	11	10	24
positional36,46,65,16,76	0.4583333333333333	11	10	24
positional36,46,65,16,76	0.4583333333333333	11	10	24
positional51,39,79,33,94-24-positional35,27,74,29,79	0.4375	7	9	16
positional51,39,79,33,94-21-positional58,37,59,4,92	0.40625	13	15	32
positional36,46,65,16,76-17-mobility0.63	0.375	9	15	24
mobility0.84-11-positional35,27,74,29,79	0.34210526315789475	13	24	38
mobility0.35	0.3125	5	10	16
stable0.28-8-mobility0.55	0.2631578947368421	10	26	38
stable0.28-8-mobility0.55	0.2631578947368421	10	26	38
stable0.28-8-mobility0.55	0.2631578947368421	10	26	38
stable0.28-8-mobility0.55	0.2631578947368421	10	26	38
stable0.28-8-mobility0.55	0.2631578947368421	10	26	38
positional51,39,79,33,94-6-greedy	0.25	10	28	40
positional39,29,55,33,99-15-stable0.85	0.25	2	5	8
positional36,46,65,16,76-12-positional58,37,59,4,92	0.25	2	5	8
positional51,39,79,33,94-6-greedy	0.25	10	28	40
positional39,29,55,33,99-15-stable0.85	0.25	2	5	8
positional39,29,55,33,99-15-stable0.85	0.25	2	5	8
positional39,29,55,33,99	0.25	2	5	8
mobility0.88-21-mobility0.63	0.21052631578947367	8	27	38
mobility0.88-21-mobility0.63	0.21052631578947367	8	27	38
mobility0.88-21-mobility0.63	0.21052631578947367	8	27	38
mobility0.88-21-mobility0.63	0.21052631578947367	8	27	38
stable0.62-13-positional35,27,74,29,79	0.125	1	7	8
positional35,27,68,15,80-13-positional35,27,74,29,79	0.125	1	7	8
