positional46,32,58,21,86	NaN	0	0	0
positional36,46,65,16,76	NaN	0	0	0
mobility0.55	NaN	0	0	0
positional36,46,65,16,76	NaN	0	0	0
positional36,46,65,16,76	NaN	0	0	0
positional36,46,65,16,76	NaN	0	0	0
positional51,39,79,33,94	NaN	0	0	0
positional61,34,70,6,94	NaN	0	0	0
positional51,39,79,33,94	NaN	0	0	0
positional51,39,79,33,94-14-positional46,29,56,17,93	0.875	7	1	8
positional46,32,58,21,86	0.75	6	1	8
positional46,32,58,21,86	0.6875	11	5	16
positional36,46,65,16,76	0.625	5	2	8
positional46,32,58,21,86	0.625	5	2	8
positional36,46,65,16,76	0.625	5	2	8
positional36,46,65,16,76	0.625	5	3	8
positional36,46,65,16,76	0.625	5	2	8
positional36,46,65,16,76	0.6043956043956044	110	68	182
positional36,46,65,16,76	0.6043956043956044	110	68	182
positional36,46,65,16,76	0.6043956043956044	110	68	182
positional36,46,65,16,76	0.6043956043956044	110	68	182
positional36,46,65,16,76	0.6043956043956044	110	68	182
positional36,46,65,16,76	0.5833333333333334	14	10	24
positional46,32,58,21,86	0.575	23	16	40
positional36,46,65,16,76-0-greedy	0.5526315789473685	21	16	38
positional36,46,65,16,76-0-greedy	0.5526315789473685	21	16	38
mobility0.35-12-positional35,27,74,29,79	0.5454545454545454	12	9	22
positional36,46,65,16,76-0-positional35,27,74,29,79	0.5454545454545454	12	9	22
positional36,46,65,16,76-0-positional46,29,56,17,93	0.5416666666666666	13	11	24
positional36,46,65,16,76	0.5	4	2	8
positional46,32,58,21,86-14-positional46,29,56,17,93	0.5	8	8	16
positional46,32,58,21,86	0.46875	15	16	32
positional36,46,65,16,76	0.4375	7	8	16
positional46,32,58,21,86-14-positional58,37,59,4,92	0.4375	7	9	16
positional36,46,65,16,76	0.4375	7	8	16
positional36,46,65,16,76	0.4375	7	8	16
positional46,32,58,21,86-0-positional35,27,74,29,79	0.4375	7	8	16
positional51,39,79,33,94-24-positional35,27,74,29,79	0.4166666666666667	10	14	24
positional51,39,79,33,94-18-stable0.74	0.375	3	5	8
positional36,46,65,16,76	0.375	3	5	8
positional36,46,65,16,76-0-positional35,27,74,29,79	0.3125	5	10	16
stable0.28-8-mobility0.55	0.2692307692307692	14	36	52
stable0.75	0.25	2	6	8
stable0.75	0.25	2	6	8
stable0.75	0.25	2	6	8
stable0.75	0.25	2	6	8
positional36,46,65,16,76-7-greedy	0.25	2	6	8
positional36,46,65,16,76-17-greedy	0.25	4	12	16
positional46,32,58,21,86-0-positional35,24,58,23,67	0.25	2	6	8
positional36,46,65,16,76-20-greedy	0.25	4	12	16
stable0.62-13-positional35,27,74,29,79	0.21875	7	24	32
positional36,46,65,16,76	0.21428571428571427	3	10	14
positional61,34,70,6,94-18-stable0.74	0.15	3	14	20
stable0.46	0.125	1	6	8
stable0.28	0.125	1	7	8
stable0.46	0.125	1	6	8
positional36,46,65,16,76-15-mobility0.29	0.125	1	7	8
stable0.46	0.125	1	6	8
stable0.46	0.125	1	6	8
stable0.46	0.125	1	6	8
