positional41,26,58,6,69	NaN	0	0	0
positional41,26,58,6,69	NaN	0	0	0
positional41,26,58,6,69	NaN	0	0	0
mobility0.01-15-mobility0.36	NaN	0	0	0
mobility0.76	NaN	0	0	0
positional46,32,58,21,86	NaN	0	0	0
positional41,26,58,6,69	NaN	0	0	0
positional51,39,79,33,94	NaN	0	0	0
positional41,26,58,6,69	NaN	0	0	0
positional51,39,79,33,94-17-corners	NaN	0	0	0
positional41,26,58,6,69	0.875	7	1	8
positional46,32,58,21,86	0.7083333333333334	17	6	24
positional46,32,58,21,86	0.6842105263157895	26	8	38
positional46,32,58,21,86	0.625	5	3	8
positional46,32,58,21,86	0.625	10	5	16
positional46,32,58,21,86-0-positional58,37,59,4,92	0.625	5	3	8
positional51,39,79,33,94	0.625	10	6	16
positional46,32,58,21,86	0.575	23	16	40
positional51,39,79,33,94	0.5714285714285714	8	6	14
positional41,26,58,6,69-0-positional35,27,74,29,79	0.5666666666666667	17	11	30
positional46,32,58,21,86	0.5666666666666667	17	11	30
positional41,26,58,6,69	0.5625	9	5	16
positional41,26,58,6,69	0.5625	9	7	16
positional41,26,58,6,69-0-greedy	0.5526315789473685	21	16	38
positional41,26,58,6,69	0.5454545454545454	12	9	22
positional41,26,58,6,69	0.5454545454545454	12	9	22
positional46,32,58,21,86	0.5	3	2	6
positional46,32,58,21,86	0.5	4	4	8
positional41,26,58,6,69	0.5	7	6	14
positional46,32,58,21,86	0.5	3	2	6
positional46,32,58,21,86	0.5	3	2	6
positional41,26,58,6,69	0.4782608695652174	22	19	46
positional41,26,58,6,69	0.4782608695652174	22	19	46
positional41,26,58,6,69	0.4782608695652174	22	19	46
positional41,26,58,6,69-0-mobility0.29	0.4583333333333333	11	13	24
positional46,32,58,21,86-23-positional37,39,75,32,76	0.42857142857142855	6	8	14
positional46,32,58,21,86-23-positional37,39,75,32,76	0.42857142857142855	6	8	14
positional46,32,58,21,86-23-positional37,39,75,32,76	0.42857142857142855	6	8	14
positional41,26,58,6,69	0.375	3	5	8
positional41,26,58,6,69	0.375	9	11	24
mobility0.55	0.3333333333333333	8	14	24
mobility0.55	0.3333333333333333	8	14	24
positional41,26,58,6,69	0.3333333333333333	2	3	6
mobility0.55	0.3333333333333333	8	14	24
stable0.46	0.296875	19	44	64
stable0.46	0.296875	19	44	64
stable0.46	0.296875	19	44	64
stable0.46	0.296875	19	44	64
stable0.46	0.296875	19	44	64
positional41,26,58,6,69-7-greedy	0.25806451612903225	16	44	62
positional41,26,58,6,69-7-greedy	0.25806451612903225	16	44	62
positional41,26,58,6,69-7-greedy	0.25806451612903225	16	44	62
stable0.46	0.21428571428571427	3	11	14
stable0.75	0.1875	6	25	32
stable0.75	0.1875	6	25	32
stable0.76-24-stable0.14	0.13333333333333333	4	26	30
stable0.76-24-stable0.14	0.13333333333333333	4	26	30
stable0.76-24-stable0.14	0.13333333333333333	4	26	30
stable0.76-24-stable0.14	0.13333333333333333	4	26	30
stable0.76-24-stable0.14	0.13333333333333333	4	26	30
