positional52,39,51,10,76	NaN	0	0	0
mobility0.21	NaN	0	0	0
corners-17-corners	NaN	0	0	0
stable0.76	NaN	0	0	0
positional52,39,51,10,76	NaN	0	0	0
mobility0.21	NaN	0	0	0
positional52,39,51,10,76	NaN	0	0	0
positional47,41,52,32,84	NaN	0	0	0
positional52,39,51,10,76	NaN	0	0	0
positional52,39,51,10,76-15-mobility0.36	NaN	0	0	0
positional47,41,52,32,84	NaN	0	0	0
positional47,41,52,32,84	NaN	0	0	0
positional52,39,51,10,76-0-positional58,37,59,4,92	0.875	7	1	8
mobility0.76-23-positional37,39,75,32,76	0.75	12	3	16
positional52,39,51,10,76	0.717391304347826	33	12	46
positional52,39,51,10,76	0.717391304347826	33	12	46
positional47,41,52,32,84	0.6875	11	4	16
positional47,41,52,32,84	0.6363636363636364	14	8	22
positional52,39,51,10,76	0.625	15	8	24
positional52,39,51,10,76	0.625	15	8	24
positional52,39,51,10,76	0.625	15	8	24
positional52,39,51,10,76	0.625	15	8	24
positional52,39,51,10,76	0.625	5	3	8
positional47,41,52,32,84	0.5714285714285714	8	6	14
positional48,29,79,34,65	0.5714285714285714	8	6	14
positional52,39,51,10,76	0.5652173913043478	26	17	46
positional47,41,52,32,84	0.525	21	15	40
positional47,41,52,32,84	0.525	21	15	40
positional52,39,51,10,76	0.5166666666666667	31	27	60
positional52,39,51,10,76	0.5166666666666667	31	27	60
positional52,39,51,10,76	0.5166666666666667	31	27	60
positional52,39,51,10,76	0.5166666666666667	31	27	60
positional47,41,52,32,84	0.5	11	9	22
positional48,29,79,34,65	0.5	11	11	22
positional52,39,51,10,76	0.5	4	4	8
positional52,39,51,10,76-0-positional58,37,59,4,92	0.5	12	12	24
positional52,39,51,10,76-23-positional37,39,75,32,76	0.5	27	27	54
positional52,39,51,10,76-23-positional37,39,75,32,76	0.5	27	27	54
positional48,29,79,34,65	0.5	4	4	8
positional47,41,52,32,84	0.46875	15	15	32
positional48,29,79,34,65	0.4375	7	8	16
positional47,41,52,32,84	0.4375	7	8	16
mobility0.55	0.375	3	5	8
mobility0.30	0.375	6	10	16
mobility0.30	0.375	6	10	16
positional48,29,79,34,65	0.375	3	5	8
mobility0.01-15-mobility0.36	0.375	6	10	16
positional48,29,79,34,65	0.375	3	5	8
mobility0.55	0.3333333333333333	8	14	24
mobility0.76	0.32142857142857145	18	36	56
mobility0.76	0.32142857142857145	18	36	56
mobility0.76	0.32142857142857145	18	36	56
positional48,29,79,34,65-17-corners	0.3125	10	21	32
positional48,29,79,34,65-17-corners	0.3125	10	21	32
positional48,29,79,34,65-17-corners	0.3125	10	21	32
positional47,41,52,32,84	0.25	2	5	8
stable0.76-24-stable0.14	0.20512820512820512	16	62	78
stable0.76-24-stable0.14	0.20512820512820512	16	62	78
positional47,41,52,32,84-20-corners	0.125	1	7	8
positional47,41,52,32,84-15-stable0.78	0.125	1	7	8
