positional39,41,50,24,70	NaN	0	0	0
positional39,41,50,24,70-12-stable0.10	NaN	0	0	0
positional39,41,50,24,70-19-positional58,38,54,32,97	NaN	0	0	0
positional53,42,55,14,65	NaN	0	0	0
positional39,41,50,24,70	NaN	0	0	0
positional39,41,50,24,70	NaN	0	0	0
positional39,41,50,24,70-12-stable0.10	NaN	0	0	0
positional53,42,55,14,65	NaN	0	0	0
positional39,41,50,24,70-12-stable0.10	NaN	0	0	0
mobility0.07	NaN	0	0	0
positional39,41,50,24,70	NaN	0	0	0
positional39,41,50,24,70	NaN	0	0	0
positional39,41,50,24,70-12-stable0.10	NaN	0	0	0
positional39,41,50,24,70-12-stable0.10	NaN	0	0	0
positional53,42,55,14,65	NaN	0	0	0
positional53,42,55,14,65-0-corners	NaN	0	0	0
positional39,41,50,24,70	NaN	0	0	0
positional39,41,50,24,70-12-stable0.10	NaN	0	0	0
positional53,42,55,14,65	NaN	0	0	0
mobility0.21	NaN	0	0	0
positional53,42,55,14,65	0.875	7	1	8
positional39,41,50,24,70	0.7666666666666667	23	7	30
positional39,41,50,24,70	0.75	6	2	8
positional39,41,50,24,70	0.75	6	2	8
mobility0.76-23-positional37,39,75,32,76	0.7083333333333334	17	5	24
mobility0.76-23-positional37,39,75,32,76	0.7083333333333334	17	5	24
positional39,41,50,24,70	0.6875	11	5	16
positional53,42,55,14,65	0.6578947368421053	25	13	38
positional53,42,55,14,65	0.6578947368421053	25	13	38
positional39,41,50,24,70	0.625	5	3	8
positional39,41,50,24,70	0.625	10	5	16
positional53,42,55,14,65	0.5714285714285714	8	5	14
positional53,42,55,14,65	0.5714285714285714	8	5	14
positional39,41,50,24,70	0.5	3	3	6
positional53,42,55,14,65	0.5	4	4	8
positional53,42,55,14,65	0.5	4	4	8
positional39,41,50,24,70	0.45454545454545453	10	12	22
positional48,29,79,34,65	0.4375	7	8	16
mobility0.30	0.43333333333333335	26	33	60
mobility0.30	0.43333333333333335	26	33	60
mobility0.30	0.43333333333333335	26	33	60
corners-19-corners	0.375	3	5	8
positional53,42,55,14,65-7-mobility0.30	0.375	3	4	8
corners-17-corners	0.36363636363636365	8	14	22
corners-17-corners	0.36363636363636365	8	14	22
positional39,41,50,24,70	0.35714285714285715	5	9	14
positional48,29,79,34,65	0.3541666666666667	17	29	48
mobility0.68	0.3333333333333333	2	4	6
mobility0.68	0.3333333333333333	2	4	6
mobility0.68	0.3333333333333333	2	4	6
mobility0.68	0.3333333333333333	2	4	6
mobility0.21	0.32608695652173914	15	30	46
mobility0.21	0.32608695652173914	15	30	46
mobility0.21	0.32608695652173914	15	30	46
positional53,42,55,14,65-15-stable0.78	0.1875	3	13	16
positional53,42,55,14,65-15-stable0.78	0.1875	3	13	16
positional53,42,55,14,65-20-corners	0.16666666666666666	4	20	24
positional53,42,55,14,65	0.125	1	7	8
positional39,41,50,24,70-23-corners	0.09375	3	29	32
mobility0.76-23-corners	0.07142857142857142	1	13	14
