positional46,39,56,21,94	NaN	0	0	0
positional35,30,75,25,91	NaN	0	0	0
mobility0.31	NaN	0	0	0
greedy	NaN	0	0	0
positional46,39,56,21,94	NaN	0	0	0
stable0.50	NaN	0	0	0
positional35,30,75,25,91	NaN	0	0	0
positional35,30,75,25,91	NaN	0	0	0
positional35,30,75,25,91	NaN	0	0	0
positional46,39,56,21,94	NaN	0	0	0
positional35,30,75,25,91-19-positional42,30,51,18,79	1.0	8	0	8
positional50,43,57,18,88-23-positional48,24,51,27,81	0.75	6	2	8
positional46,39,56,21,94	0.75	6	2	8
positional35,30,75,25,91	0.7142857142857143	10	4	14
positional35,30,75,25,91	0.6875	11	5	16
positional46,39,56,21,94	0.6304347826086957	29	16	46
positional46,39,56,21,94	0.6304347826086957	29	16	46
positional46,39,56,21,94	0.6304347826086957	29	16	46
positional35,30,75,25,91-19-positional58,38,54,32,97	0.625	5	3	8
positional46,39,56,21,94	0.625	5	3	8
positional46,39,56,21,94	0.625	15	8	24
positional35,30,75,25,91	0.625	15	9	24
positional35,30,75,25,91	0.5416666666666666	13	11	24
positional46,39,56,21,94	0.5416666666666666	13	11	24
positional46,39,56,21,94	0.5	8	7	16
positional46,39,56,21,94	0.5	23	20	46
positional46,39,56,21,94	0.5	23	20	46
positional46,39,56,21,94	0.5	23	20	46
positional46,39,56,21,94	0.5	4	4	8
positional35,30,75,25,91	0.5	4	4	8
positional35,30,75,25,91	0.4782608695652174	22	24	46
positional35,30,75,25,91	0.46875	15	15	32
positional35,30,75,25,91	0.46875	15	15	32
positional35,30,75,25,91	0.4583333333333333	11	12	24
positional46,39,56,21,94	0.4375	7	9	16
mobility0.30	0.43333333333333335	26	33	60
positional35,30,75,25,91	0.425	17	20	40
positional35,30,75,25,91	0.425	17	20	40
positional35,30,75,25,91	0.425	17	20	40
positional35,30,75,25,91	0.425	17	20	40
positional48,29,79,34,65	0.4166666666666667	10	12	24
positional46,39,56,21,94-9-greedy	0.375	6	10	16
positional46,39,56,21,94-9-greedy	0.375	6	10	16
positional35,30,75,25,91	0.375	6	9	16
positional46,39,56,21,94-9-greedy	0.375	6	10	16
positional35,30,75,25,91	0.3684210526315789	14	23	38
positional35,30,75,25,91	0.3684210526315789	14	23	38
positional35,30,75,25,91	0.3684210526315789	14	23	38
positional35,30,75,25,91	0.3684210526315789	14	23	38
mobility0.07-12-stable0.10	0.2916666666666667	7	15	24
mobility0.68	0.2727272727272727	6	16	22
mobility0.68	0.2727272727272727	6	16	22
mobility0.07	0.25	2	6	8
corners-19-corners	0.20833333333333334	5	18	24
positional46,39,56,21,94-19-corners	0.13636363636363635	3	19	22
positional46,39,56,21,94	0.125	1	6	8
positional35,30,75,25,91-23-corners	0.09375	3	29	32
positional35,30,75,25,91-12-stable0.10	0.041666666666666664	1	23	24
positional35,30,75,25,91-12-stable0.10	0.041666666666666664	1	23	24
positional35,30,75,25,91-12-stable0.10	0.041666666666666664	1	23	24
