positional44,42,57,10,95	NaN	0	0	0
positional44,42,57,10,95	NaN	0	0	0
positional35,30,75,25,91	NaN	0	0	0
positional44,42,57,10,95-0-positional48,24,51,27,81	NaN	0	0	0
positional44,42,57,10,95	NaN	0	0	0
greedy	NaN	0	0	0
positional44,42,57,10,95	NaN	0	0	0
positional44,42,57,10,95	NaN	0	0	0
positional44,42,57,10,95	0.8333333333333334	5	1	6
positional35,30,75,25,91	0.7	21	8	30
positional44,42,57,10,95	0.6290322580645161	39	22	62
positional44,42,57,10,95	0.6290322580645161	39	22	62
positional44,42,57,10,95	0.625	30	17	48
positional35,30,75,25,91	0.625	5	2	8
positional35,30,75,25,91	0.625	10	4	16
positional44,42,57,10,95	0.625	5	3	8
positional35,30,75,25,91	0.625	15	9	24
positional44,42,57,10,95	0.625	30	17	48
positional44,42,57,10,95	0.625	5	3	8
positional35,30,75,25,91	0.59375	19	13	32
positional50,43,57,18,88	0.5833333333333334	28	19	48
positional35,30,75,25,91-19-positional42,30,51,18,79	0.578125	37	26	64
positional35,30,75,25,91-19-positional42,30,51,18,79	0.578125	37	26	64
positional35,30,75,25,91-19-positional42,30,51,18,79	0.578125	37	26	64
positional35,30,75,25,91	0.575	23	14	40
positional35,30,75,25,91	0.575	23	14	40
positional44,42,57,10,95	0.5161290322580645	32	27	62
positional35,30,75,25,91	0.5	4	4	8
positional35,30,75,25,91	0.5	4	4	8
positional35,30,75,25,91-0-greedy	0.5	8	8	16
positional35,30,75,25,91	0.5	4	4	8
positional35,30,75,25,91	0.4782608695652174	22	24	46
positional44,42,57,10,95	0.46875	15	14	32
positional35,30,75,25,91	0.46875	15	15	32
positional44,42,57,10,95	0.46875	15	14	32
positional35,30,75,25,91	0.46153846153846156	36	39	78
positional35,30,75,25,91	0.46153846153846156	36	39	78
positional35,30,75,25,91	0.46153846153846156	36	39	78
positional35,30,75,25,91	0.421875	27	33	64
positional35,30,75,25,91	0.421875	27	33	64
positional44,42,57,10,95	0.4166666666666667	10	13	24
positional44,42,57,10,95	0.4166666666666667	10	13	24
positional44,42,57,10,95	0.375	3	5	8
positional35,30,75,25,91	0.375	3	5	8
positional44,42,57,10,95	0.375	3	5	8
stable0.50	0.375	6	9	16
positional51,39,73,17,88	0.375	3	5	8
mobility0.31-0-positional42,30,51,18,79	0.375	3	5	8
positional35,30,75,25,91	0.375	3	5	8
positional50,43,57,18,88-23-positional48,24,51,27,81	0.30357142857142855	17	39	56
positional50,43,57,18,88-23-positional48,24,51,27,81	0.30357142857142855	17	39	56
positional50,43,57,18,88-23-positional48,24,51,27,81	0.30357142857142855	17	39	56
mobility0.31	0.3	9	20	30
mobility0.31	0.3	9	20	30
mobility0.76	0.2916666666666667	7	15	24
positional35,30,75,25,91	0.25	2	5	8
positional44,42,57,10,95-9-greedy	0.22580645161290322	14	45	62
positional44,42,57,10,95-9-greedy	0.22580645161290322	14	45	62
positional44,42,57,10,95-9-greedy	0.22580645161290322	14	45	62
positional44,42,57,10,95-9-greedy	0.22580645161290322	14	45	62
