greedy-19-corners	NaN	0	0	0
positional52,23,64,21,88	NaN	0	0	0
positional51,39,73,17,88	NaN	0	0	0
positional49,20,76,14,88	NaN	0	0	0
positional50,43,57,18,88	NaN	0	0	0
positional52,23,64,21,88	NaN	0	0	0
positional52,23,64,21,88	NaN	0	0	0
stable0.02-8-stable0.15	NaN	0	0	0
positional49,35,67,16,85-11-stable0.08	NaN	0	0	0
positional52,23,64,21,88	NaN	0	0	0
positional52,23,64,21,88	NaN	0	0	0
positional52,23,64,21,88	0.8333333333333334	5	1	6
corners-9-positional52,34,58,15,66	0.75	6	2	8
positional52,23,64,21,88-19-positional42,30,51,18,79	0.625	5	3	8
positional52,23,64,21,88-19-positional42,30,51,18,79	0.625	10	5	16
positional49,30,53,3,89	0.625	5	2	8
positional50,43,57,18,88-23-positional36,34,68,32,90	0.625	5	3	8
positional50,43,57,18,88-23-positional36,34,68,32,90	0.625	5	3	8
positional50,43,57,18,88	0.625	15	7	24
positional49,30,53,3,89	0.625	20	12	32
positional49,30,53,3,89	0.6052631578947368	23	13	38
positional49,30,53,3,89	0.6052631578947368	23	13	38
positional49,30,53,3,89	0.59375	19	13	32
positional49,30,53,3,89	0.5652173913043478	26	17	46
positional49,30,53,3,89	0.5652173913043478	26	17	46
positional52,23,64,21,88	0.5416666666666666	13	9	24
positional49,30,53,3,89	0.525	21	17	40
positional49,30,53,3,89	0.525	21	17	40
positional49,30,53,3,89	0.5098039215686274	52	46	102
positional49,30,53,3,89	0.5	11	11	22
positional49,30,53,3,89-0-greedy	0.5	4	4	8
positional50,26,71,25,98	0.5	8	7	16
positional50,26,71,25,98	0.5	8	7	16
positional52,23,64,21,88	0.5	12	12	24
positional50,26,71,25,98	0.5	8	7	16
positional49,30,53,3,89	0.5	4	4	8
positional49,30,53,3,89	0.4375	7	9	16
positional49,30,53,3,89-19-positional42,30,51,18,79	0.4090909090909091	9	9	22
positional52,23,64,21,88	0.39473684210526316	15	21	38
positional52,23,64,21,88	0.375	3	5	8
positional52,23,64,21,88	0.375	3	5	8
positional49,30,53,3,89	0.36363636363636365	8	12	22
positional52,23,64,21,88	0.3333333333333333	8	15	24
mobility0.88-18-stable0.41	0.2916666666666667	7	15	24
mobility0.88-18-stable0.41	0.2916666666666667	7	15	24
mobility0.88-18-stable0.41	0.2916666666666667	7	15	24
mobility0.88-18-stable0.41	0.2916666666666667	7	15	24
mobility0.88-18-stable0.41	0.2916666666666667	7	15	24
mobility0.88-18-stable0.41	0.2916666666666667	7	15	24
corners-21-greedy	0.2222222222222222	8	26	36
corners-21-greedy	0.2222222222222222	8	26	36
corners-21-greedy	0.2222222222222222	8	26	36
corners-21-greedy	0.2222222222222222	8	26	36
positional52,23,64,21,88-7-mobility0.46	0.2	4	16	20
positional52,23,64,21,88-7-mobility0.46	0.2	4	16	20
corners-23-greedy	0.18181818181818182	4	18	22
corners-23-greedy	0.18181818181818182	4	18	22
positional49,30,53,3,89-22-stable0.99	0.125	1	7	8
positional52,23,64,21,88-10-corners	0.125	1	7	8
mobility0.92	0.125	1	5	8
