positional49,35,67,16,85-22-stable0.99	NaN	0	0	0
positional59,35,50,12,68-23-corners	NaN	0	0	0
positional36,31,78,7,95	NaN	0	0	0
positional44,29,51,4,79	NaN	0	0	0
mobility0.42-22-greedy	NaN	0	0	0
corners	NaN	0	0	0
positional44,29,51,4,79	NaN	0	0	0
mobility0.76	NaN	0	0	0
corners	NaN	0	0	0
corners-19-positional42,30,51,18,79	NaN	0	0	0
positional44,29,51,4,79	NaN	0	0	0
positional52,23,64,21,88	0.875	7	1	8
positional52,23,64,21,88	0.8333333333333334	20	4	24
positional52,23,64,21,88	0.8333333333333334	20	4	24
stable0.16-10-positional58,20,69,2,85	0.75	18	5	24
stable0.16-10-positional58,20,69,2,85	0.75	18	5	24
positional52,23,64,21,88	0.75	6	1	8
positional52,23,64,21,88	0.75	6	1	8
stable0.16-10-positional58,20,69,2,85	0.75	18	5	24
positional44,29,51,4,79-0-positional52,34,58,15,66	0.7083333333333334	17	7	24
positional52,23,64,21,88	0.625	5	3	8
positional52,23,64,21,88-19-positional42,30,51,18,79	0.625	20	9	32
positional52,23,64,21,88-19-positional42,30,51,18,79	0.625	20	9	32
positional52,23,64,21,88-19-positional42,30,51,18,79	0.625	10	6	16
positional59,35,50,12,68	0.625	10	5	16
positional44,29,51,4,79	0.5652173913043478	26	17	46
positional50,26,71,25,98	0.5625	9	7	16
positional59,35,50,12,68	0.5625	18	12	32
positional59,35,50,12,68	0.5625	18	12	32
positional59,35,68,19,75	0.5625	9	7	16
positional50,26,71,25,98	0.53125	17	13	32
positional52,23,64,21,88-18-mobility0.46	0.5	4	4	8
positional52,23,64,21,88	0.5	4	4	8
positional52,23,64,21,88	0.5	12	10	24
positional44,29,51,4,79	0.5	4	4	8
positional49,20,76,14,88	0.4375	7	9	16
greedy	0.375	3	4	8
greedy	0.375	3	4	8
greedy	0.375	3	4	8
mobility0.88-18-stable0.41	0.3333333333333333	16	29	48
mobility0.88-18-stable0.41	0.3333333333333333	16	29	48
positional49,35,67,16,85-11-stable0.08	0.3125	15	31	48
greedy-19-corners	0.3125	5	10	16
positional49,35,67,16,85-11-stable0.08	0.3125	15	31	48
corners-21-greedy	0.3088235294117647	21	43	68
stable0.02-8-stable0.15	0.2916666666666667	7	16	24
stable0.02-8-stable0.15	0.2916666666666667	7	16	24
stable0.02-8-stable0.15	0.2916666666666667	7	16	24
positional59,35,50,12,68-23-stable0.08	0.28125	9	23	32
positional52,23,64,21,88-7-mobility0.46	0.25	7	21	28
mobility0.92	0.25	2	6	8
positional52,23,64,21,88-8-stable0.15	0.21875	7	24	32
mobility0.88	0.1875	3	12	16
corners-23-greedy	0.16666666666666666	5	25	30
mobility0.92	0.16666666666666666	4	18	24
corners-23-greedy	0.16666666666666666	5	25	30
positional52,23,64,21,88-10-corners	0.16666666666666666	4	20	24
positional44,29,51,4,79-22-stable0.99	0.15625	5	26	32
corners	0.125	2	14	16
corners	0.125	1	5	8
