positional50,26,71,25,98	NaN	0	0	0
positional59,43,53,16,74	NaN	0	0	0
positional64,27,57,7,79-13-positional55,41,52,7,92	NaN	0	0	0
positional50,26,71,25,98	NaN	0	0	0
positional44,29,51,4,79	NaN	0	0	0
positional59,43,53,16,74-0-greedy	NaN	0	0	0
positional59,43,53,16,74	0.875	7	1	8
positional59,43,53,16,74	0.875	7	1	8
positional50,26,71,25,98-10-positional55,41,52,7,92	0.8125	13	2	16
positional36,31,78,7,95	0.75	6	2	8
positional44,30,52,29,80	0.75	6	2	8
positional59,43,53,16,74	0.75	6	2	8
greedy-19-positional56,39,50,14,90	0.6666666666666666	4	2	6
greedy-19-positional56,39,50,14,90	0.6666666666666666	4	2	6
positional59,35,68,19,75	0.65625	21	11	32
positional64,27,57,7,79	0.6428571428571429	9	5	14
positional36,31,78,7,95	0.6363636363636364	14	7	22
positional44,30,52,29,80	0.625	5	3	8
positional59,43,53,16,74-19-positional56,39,50,14,90	0.625	10	6	16
positional44,30,52,29,80	0.5833333333333334	14	9	24
stable0.16-10-positional58,38,68,22,84	0.5434782608695652	25	21	46
stable0.16-10-positional58,38,68,22,84	0.5434782608695652	25	21	46
stable0.16-10-positional58,38,68,22,84	0.5434782608695652	25	21	46
stable0.16-10-positional58,38,68,22,84	0.5434782608695652	25	21	46
stable0.16-10-positional58,38,68,22,84	0.5434782608695652	25	21	46
positional64,27,57,7,79	0.5263157894736842	20	17	38
positional64,27,57,7,79	0.5263157894736842	20	17	38
positional64,27,57,7,79	0.5263157894736842	20	17	38
positional44,29,51,4,79	0.5	12	11	24
positional44,29,51,4,79	0.5	12	11	24
positional44,29,51,4,79	0.5	12	11	24
positional59,43,53,16,74-0-positional55,41,52,7,92	0.5	7	4	14
positional59,43,53,16,74	0.5	8	7	16
positional44,29,51,4,79	0.5	4	4	8
positional59,43,53,16,74	0.5	6	5	12
positional44,29,51,4,79	0.5	12	11	24
positional59,43,53,16,74	0.4583333333333333	11	12	24
positional59,43,53,16,74	0.4375	14	16	32
positional50,26,71,25,98	0.4166666666666667	10	13	24
positional59,43,53,16,74-19-positional52,34,58,15,66	0.4166666666666667	10	14	24
mobility0.63	0.375	3	5	8
positional59,43,53,16,74	0.35714285714285715	5	6	14
positional59,43,53,16,74	0.35714285714285715	5	6	14
positional44,29,51,4,79-17-positional54,23,51,29,77	0.35	14	25	40
positional44,29,51,4,79-17-positional54,23,51,29,77	0.35	14	25	40
positional44,29,51,4,79-17-positional54,23,51,29,77	0.35	14	25	40
mobility0.42-22-greedy	0.2916666666666667	7	16	24
corners-0-positional55,41,52,7,92	0.2916666666666667	7	17	24
mobility0.42-22-greedy	0.2916666666666667	7	16	24
mobility0.42-22-greedy	0.2916666666666667	7	16	24
positional59,43,53,16,74-14-greedy	0.25	2	6	8
corners	0.25	6	17	24
greedy	0.20833333333333334	5	18	24
greedy	0.20833333333333334	5	18	24
stable0.72-16-greedy	0.18181818181818182	4	17	22
stable0.72-16-greedy	0.18181818181818182	4	17	22
stable0.72-16-greedy	0.18181818181818182	4	17	22
corners	0.15625	5	23	32
stable0.54-22-greedy	0.125	1	7	8
corners	0.125	1	7	8
