mobility0.93	NaN	0	0	0
corners	NaN	0	0	0
positional35,44,71,3,68	NaN	0	0	0
positional38,35,50,29,72-17-mobility0.67	NaN	0	0	0
mobility0.68-14-mobility0.42	NaN	0	0	0
stable0.82-14-positional39,29,67,5,97	NaN	0	0	0
mobility0.93	NaN	0	0	0
corners	NaN	0	0	0
corners	NaN	0	0	0
positional50,36,54,15,99	0.875	14	2	16
positional42,39,50,4,76	0.8333333333333334	5	1	6
mobility0.93-16-positional59,25,54,7,86	0.78125	25	6	32
positional42,25,67,2,72	0.75	18	6	24
positional38,35,50,29,72-14-positional55,31,71,29,83	0.6666666666666666	4	2	6
positional38,35,50,29,72-14-positional55,31,71,29,83	0.6666666666666666	4	2	6
positional38,35,50,29,72-14-positional55,31,71,29,83	0.6666666666666666	4	2	6
positional38,35,50,29,72-14-positional55,31,71,29,83	0.6666666666666666	4	2	6
positional38,35,50,29,72-14-positional55,31,71,29,83	0.6666666666666666	4	2	6
positional62,42,51,15,92-0-positional46,27,69,9,90	0.6428571428571429	9	4	14
positional35,44,71,3,68-14-positional62,34,63,10,99	0.625	5	3	8
positional50,36,54,15,99	0.625	10	5	16
positional61,40,57,9,73-19-positional38,26,58,26,93	0.625	15	9	24
positional50,36,54,15,99	0.625	10	5	16
positional61,40,57,9,73-19-positional38,26,58,26,93	0.625	15	9	24
positional61,40,57,9,73-19-positional38,26,58,26,93	0.625	15	9	24
positional61,40,57,9,73-19-positional38,26,58,26,93	0.625	15	9	24
positional42,39,50,4,76-0-positional39,29,67,5,97	0.625	5	3	8
positional42,39,50,4,76	0.625	10	5	16
positional50,36,54,15,99	0.625	10	5	16
positional52,21,70,19,95-16-positional59,25,54,7,86	0.5909090909090909	13	9	22
positional47,35,55,12,77	0.5625	9	7	16
mobility0.70-22-greedy	0.5	3	3	6
positional62,42,51,15,92-18-greedy	0.5	3	3	6
positional50,36,54,15,99	0.5	4	3	8
positional62,42,51,15,92-18-greedy	0.5	3	3	6
stable0.04-5-mobility0.46	0.5	4	4	8
positional62,42,51,15,92-18-greedy	0.5	3	3	6
positional62,42,51,15,92-18-greedy	0.5	3	3	6
positional42,39,50,4,76	0.5	4	3	8
positional62,42,51,15,92-18-greedy	0.5	3	3	6
mobility0.93	0.4375	7	8	16
positional52,21,70,19,95-0-positional46,27,69,9,90	0.4375	7	8	16
positional47,35,55,12,77-15-positional38,26,58,26,93	0.4375	7	8	16
positional62,42,51,15,92-20-mobility0.38	0.4375	7	9	16
positional45,28,66,33,91	0.4	12	18	30
positional45,28,66,33,91	0.4	12	18	30
mobility0.70-24-positional46,27,69,9,90	0.375	3	4	8
positional44,21,79,32,89	0.36666666666666664	11	18	30
mobility0.47	0.34375	11	20	32
corners-23-corners	0.3	6	14	20
mobility0.47	0.2857142857142857	4	10	14
mobility0.21-20-mobility0.38	0.25862068965517243	15	41	58
mobility0.21-20-mobility0.38	0.25862068965517243	15	41	58
mobility0.21-20-mobility0.38	0.25862068965517243	15	41	58
mobility0.21-20-mobility0.38	0.25862068965517243	15	41	58
mobility0.21-20-mobility0.38	0.25862068965517243	15	41	58
greedy	0.25	11	33	44
corners	0.25	8	22	32
positional52,21,70,19,95-8-stable0.86	0.14285714285714285	2	12	14
positional35,44,71,3,68-8-stable0.86	0.07142857142857142	1	11	14
