positional44,30,52,29,80-15-corners	NaN	0	0	0
positional55,42,61,9,66	NaN	0	0	0
greedy-14-mobility0.60	NaN	0	0	0
positional36,31,78,7,95	NaN	0	0	0
positional48,47,73,10,71-19-positional60,39,61,20,98	NaN	0	0	0
positional36,31,78,7,95	NaN	0	0	0
positional55,42,61,9,66	0.875	7	1	8
positional59,43,53,16,74	0.75	6	2	8
positional36,31,78,7,95	0.75	12	4	16
positional55,42,61,9,66	0.6875	11	4	16
positional55,42,61,9,66	0.6875	11	4	16
positional59,43,53,16,74	0.6818181818181818	15	7	22
positional64,27,57,7,79	0.6578947368421053	25	11	38
positional64,27,57,7,79	0.6578947368421053	25	11	38
positional59,43,53,16,74	0.65625	21	11	32
positional64,27,57,7,79	0.625	5	3	8
positional44,30,52,29,80	0.5833333333333334	14	9	24
positional36,31,78,7,95	0.5740740740740741	31	20	54
positional36,31,78,7,95	0.5740740740740741	31	20	54
positional36,31,78,7,95	0.5740740740740741	31	20	54
positional44,30,52,29,80	0.5625	9	7	16
positional36,31,78,7,95	0.5625	9	6	16
positional44,29,51,4,79	0.5625	27	18	48
positional44,29,51,4,79	0.5625	27	18	48
positional44,29,51,4,79	0.5625	27	18	48
greedy-19-positional56,39,50,14,90	0.5263157894736842	20	16	38
greedy-19-positional56,39,50,14,90	0.5263157894736842	20	16	38
stable0.16-10-positional58,38,68,22,84	0.5147058823529411	35	33	68
stable0.16-10-positional58,38,68,22,84	0.5147058823529411	35	33	68
stable0.16-10-positional58,38,68,22,84	0.5147058823529411	35	33	68
positional36,31,78,7,95-0-positional58,38,68,22,84	0.5	4	4	8
positional44,29,51,4,79-0-positional49,23,55,26,74	0.5	4	4	8
positional64,27,57,7,79-13-positional49,23,55,26,74	0.4666666666666667	14	15	30
positional64,27,57,7,79-13-positional49,23,55,26,74	0.4666666666666667	14	15	30
positional55,42,61,9,66-0-positional56,39,50,14,90	0.4375	7	9	16
positional59,43,53,16,74	0.4375	7	8	16
positional48,47,73,10,71-9-positional43,23,64,3,83	0.4166666666666667	10	12	24
positional48,47,73,10,71-9-positional43,23,64,3,83	0.4166666666666667	10	12	24
positional44,29,51,4,79	0.375	6	9	16
positional44,29,51,4,79	0.375	6	9	16
positional59,43,53,16,74-14-greedy	0.375	9	14	24
positional55,42,61,9,66	0.375	6	10	16
greedy	0.375	3	5	8
positional44,29,51,4,79	0.375	6	9	16
positional59,43,53,16,74	0.35714285714285715	5	6	14
positional59,43,53,16,74	0.35714285714285715	5	6	14
positional44,29,51,4,79-17-positional54,23,51,29,77	0.3541666666666667	17	30	48
stable0.72-16-greedy	0.3333333333333333	8	14	24
mobility0.63	0.325	13	27	40
positional56,47,74,6,83-13-corners	0.2916666666666667	7	16	24
positional56,47,74,6,83-13-corners	0.2916666666666667	7	16	24
stable0.54-22-greedy	0.28125	9	23	32
stable0.54-22-greedy	0.28125	9	23	32
positional44,29,51,4,79-0-positional54,23,51,29,77	0.25	2	5	8
greedy	0.25	2	6	8
mobility0.63	0.25	2	6	8
positional44,29,51,4,79-18-positional49,23,55,26,74	0.20833333333333334	5	19	24
stable0.72-16-greedy	0.2	6	23	30
stable0.16-14-greedy	0.125	3	20	24
stable0.16	0.125	1	7	8
