positional62,45,73,20,86	NaN	0	0	0
positional62,45,73,20,86-15-positional40,49,51,13,93	NaN	0	0	0
greedy-10-positional38,34,72,26,97	NaN	0	0	0
positional47,25,73,28,67	NaN	0	0	0
greedy-10-positional38,34,72,26,97	NaN	0	0	0
greedy	NaN	0	0	0
positional47,25,73,28,67	NaN	0	0	0
greedy-10-positional38,34,72,26,97	NaN	0	0	0
greedy-10-positional38,34,72,26,97	NaN	0	0	0
greedy-10-positional38,34,72,26,97	NaN	0	0	0
greedy	NaN	0	0	0
positional55,23,67,32,99-15-positional38,34,72,26,97	1.0	8	0	8
mobility0.67-19-positional38,34,72,26,97	0.875	7	1	8
positional64,23,77,3,96	0.875	7	0	8
positional41,20,77,6,86	0.875	21	2	24
positional49,34,69,17,94	0.875	7	1	8
positional55,23,67,32,99-15-positional59,26,67,2,68	0.75	12	4	16
positional49,34,69,17,94	0.75	6	1	8
stable0.70-13-positional51,44,56,1,69	0.75	6	2	8
positional55,23,67,32,99-15-positional59,26,67,2,68	0.75	12	4	16
positional62,45,73,20,86	0.625	10	5	16
positional41,20,77,6,86-20-mobility0.38	0.625	10	6	16
positional47,25,73,28,67-22-positional38,34,72,26,97	0.625	10	4	16
positional62,45,73,20,86	0.5625	9	6	16
positional62,45,73,20,86	0.546875	35	26	64
positional47,25,73,28,67	0.5333333333333333	16	13	30
positional47,25,73,28,67	0.5333333333333333	16	13	30
positional64,27,57,7,79	0.5	4	4	8
positional62,45,73,20,86-0-positional38,34,72,26,97	0.5	12	10	24
mobility0.15-19-stable0.49	0.4583333333333333	11	12	24
positional47,25,73,28,67-0-positional61,29,60,26,80	0.4583333333333333	11	13	24
greedy	0.4375	7	8	16
positional58,36,59,21,91-19-greedy	0.4375	7	8	16
greedy	0.43333333333333335	13	15	30
greedy	0.43333333333333335	13	15	30
greedy	0.43333333333333335	13	15	30
greedy	0.43333333333333335	13	15	30
positional41,20,77,6,86-15-positional42,20,78,10,86	0.375	3	3	8
positional41,20,77,6,86-15-positional42,20,78,10,86	0.375	3	3	8
positional47,25,73,28,67	0.375	3	5	8
positional63,36,57,18,92-13-corners	0.375	3	5	8
positional47,25,73,28,67-6-corners	0.375	3	5	8
positional62,45,73,20,86	0.375	3	4	8
greedy-0-positional59,26,67,2,68	0.375	3	5	8
positional41,20,77,6,86-14-corners	0.35714285714285715	10	17	28
positional47,25,73,28,67-7-greedy	0.3541666666666667	17	30	48
positional47,25,73,28,67-7-greedy	0.3541666666666667	17	30	48
positional47,25,73,28,67-7-greedy	0.3541666666666667	17	30	48
positional47,25,73,28,67-7-greedy	0.3541666666666667	17	30	48
greedy	0.3333333333333333	8	16	24
positional62,45,73,20,86	0.25	2	6	8
positional41,20,77,6,86-6-corners	0.25	12	36	48
stable0.70-15-greedy	0.25	2	6	8
positional46,24,59,23,71-21-stable0.82	0.22727272727272727	5	17	22
mobility0.67	0.20967741935483872	13	47	62
mobility0.67	0.20967741935483872	13	47	62
positional55,23,67,32,99-21-stable0.82	0.1875	6	24	32
mobility0.35-19-corners	0.16666666666666666	4	19	24
mobility0.35-19-corners	0.16666666666666666	4	19	24
mobility0.35-19-corners	0.16666666666666666	4	19	24
