corners-22-corners	NaN	0	0	0
mobility0.44-9-positional51,20,58,21,94	NaN	0	0	0
positional41,20,77,6,86-24-positional59,45,53,34,83	NaN	0	0	0
positional47,25,73,28,67-16-positional51,20,58,21,94	NaN	0	0	0
positional47,25,73,28,67-10-positional51,20,58,21,94	NaN	0	0	0
mobility0.44-9-positional51,20,58,21,94	NaN	0	0	0
positional56,26,79,5,95-15-mobility0.45	NaN	0	0	0
positional58,36,59,21,91	NaN	0	0	0
greedy-0-corners	NaN	0	0	0
positional41,20,77,6,86	NaN	0	0	0
positional41,20,77,6,86	NaN	0	0	0
mobility0.62-12-stable0.37	NaN	0	0	0
positional58,36,59,21,91	NaN	0	0	0
mobility0.79-8-corners	NaN	0	0	0
mobility0.62-19-positional51,20,58,21,94	0.9375	15	1	16
positional49,34,69,17,94	0.8125	13	3	16
positional62,45,73,20,86	0.75	6	2	8
positional58,36,59,21,91	0.75	6	2	8
positional56,26,79,5,95-15-positional51,20,58,21,94	0.6818181818181818	15	7	22
positional64,23,77,3,96	0.6666666666666666	16	7	24
positional62,45,73,20,86	0.625	15	8	24
positional62,45,73,20,86	0.625	15	8	24
positional62,45,73,20,86	0.625	15	8	24
greedy-10-positional51,20,58,21,94	0.5714285714285714	16	12	28
greedy-10-positional51,20,58,21,94	0.5714285714285714	16	12	28
greedy-10-positional51,20,58,21,94	0.5714285714285714	16	12	28
greedy-10-positional51,20,58,21,94	0.5714285714285714	16	12	28
greedy-10-positional51,20,58,21,94	0.5714285714285714	16	12	28
stable0.70-13-positional51,44,56,1,69	0.5625	9	7	16
positional62,45,73,20,86	0.546875	35	26	64
positional41,20,77,6,86-15-positional42,20,78,10,86	0.5178571428571429	29	23	56
positional41,20,77,6,86-15-positional42,20,78,10,86	0.5178571428571429	29	23	56
positional48,42,77,19,74-19-positional42,27,69,14,76	0.5	4	4	8
corners	0.5	4	4	8
positional62,45,73,20,86-0-positional51,20,58,21,94	0.5	4	4	8
greedy	0.4583333333333333	11	12	24
positional47,25,73,28,67	0.45	18	22	40
positional47,25,73,28,67-0-positional61,29,60,26,80	0.45	18	22	40
positional47,25,73,28,67	0.45	18	22	40
mobility0.15-19-stable0.49	0.4	16	23	40
mobility0.15-19-stable0.49	0.4	16	23	40
positional47,25,73,28,67	0.375	3	5	8
greedy-0-positional51,20,58,21,94	0.375	9	15	24
positional47,25,73,28,67	0.375	3	5	8
greedy	0.375	6	9	16
positional47,25,73,28,67-7-greedy	0.35714285714285715	20	35	56
greedy	0.3333333333333333	2	4	6
greedy	0.32608695652173914	15	29	46
positional62,45,73,20,86-13-corners	0.3125	5	11	16
greedy	0.2857142857142857	4	10	14
positional62,45,73,20,86-20-greedy	0.25	2	6	8
positional49,34,69,17,94-14-greedy	0.25	2	5	8
mobility0.35-19-corners	0.23076923076923078	12	37	52
mobility0.35-19-corners	0.23076923076923078	12	37	52
positional47,25,73,28,67	0.1875	3	11	16
greedy	0.1875	3	13	16
positional41,20,77,6,86-12-mobility0.24	0.0	0	8	8
positional41,20,77,6,86-12-stable0.53	0.0	0	6	6
positional41,20,77,6,86-12-mobility0.24	0.0	0	8	8
positional41,20,77,6,86-12-mobility0.24	0.0	0	8	8
