positional63,21,54,12,71	NaN	0	0	0
positional62,45,73,20,86-20-positional35,27,74,12,90	NaN	0	0	0
stable0.37-19-mobility0.06	NaN	0	0	0
mobility0.16	NaN	0	0	0
positional62,45,73,20,86-19-positional42,27,69,14,76	NaN	0	0	0
positional49,34,69,17,94-11-corners	NaN	0	0	0
positional48,42,77,19,74-10-positional42,26,65,4,96	NaN	0	0	0
positional58,36,59,21,91-15-positional42,27,69,14,76	NaN	0	0	0
positional41,20,77,6,86-24-positional36,24,62,28,65	NaN	0	0	0
positional48,42,77,19,74-10-positional42,26,65,4,96	NaN	0	0	0
positional47,25,73,28,67-16-positional42,27,69,14,76	NaN	0	0	0
mobility0.16	NaN	0	0	0
positional58,36,59,21,91-0-corners	NaN	0	0	0
positional62,45,73,20,86	NaN	0	0	0
positional62,45,73,20,86	0.875	21	3	24
positional49,34,69,17,94	0.78125	25	6	32
positional62,45,73,20,86	0.7727272727272727	17	4	22
positional62,45,73,20,86	0.7727272727272727	17	4	22
positional62,45,73,20,86	0.7727272727272727	17	4	22
positional62,45,73,20,86	0.7727272727272727	17	4	22
positional58,36,59,21,91	0.75	12	4	16
positional56,26,79,5,95-15-mobility0.45	0.6666666666666666	4	2	6
positional56,26,79,5,95-15-mobility0.45	0.6666666666666666	4	2	6
positional56,26,79,5,95-15-mobility0.45	0.6666666666666666	4	2	6
positional48,24,73,17,83	0.65625	21	10	32
positional64,23,77,3,96	0.65625	21	10	32
positional48,24,73,17,83	0.65625	21	10	32
positional64,23,77,3,96	0.65625	21	10	32
positional48,24,73,17,83	0.65625	21	10	32
positional48,24,73,17,83	0.65625	21	10	32
positional56,26,79,5,95-15-positional51,20,58,21,94	0.6333333333333333	19	11	30
positional62,45,73,20,86-15-positional42,20,78,10,86	0.5625	9	6	16
positional41,20,77,6,86	0.5416666666666666	13	10	24
positional41,20,77,6,86-15-positional42,20,78,10,86	0.5178571428571429	29	23	56
positional47,25,73,28,67-16-positional51,20,58,21,94	0.5	4	4	8
positional58,36,59,21,91	0.5	4	4	8
positional41,20,77,6,86-20-positional51,20,58,21,94	0.4583333333333333	11	12	24
positional41,20,77,6,86-0-mobility0.50	0.4375	7	8	16
positional47,25,73,28,67	0.375	3	5	8
mobility0.62	0.375	6	10	16
positional48,42,77,19,74	0.375	6	9	16
corners	0.375	3	5	8
greedy-10-stable0.37	0.375	3	5	8
mobility0.62-12-stable0.37	0.36363636363636365	8	14	22
mobility0.62-12-stable0.37	0.36363636363636365	8	14	22
positional56,26,79,5,95-15-positional51,20,58,21,94	0.35	7	13	20
positional41,20,77,6,86-12-stable0.53	0.3333333333333333	10	20	30
positional41,20,77,6,86-12-stable0.53	0.3333333333333333	10	20	30
positional49,34,69,17,94-14-greedy	0.3333333333333333	20	37	60
corners	0.25	4	12	16
positional62,45,73,20,86-20-greedy	0.25	2	6	8
corners	0.25	4	12	16
corners-22-corners	0.25	2	6	8
positional41,20,77,6,86-11-corners	0.1875	3	12	16
positional41,20,77,6,86-11-corners	0.1875	3	12	16
mobility0.79-8-corners	0.14285714285714285	2	11	14
corners-10-corners	0.125	1	7	8
corners-0-positional42,20,78,10,86	0.0	0	8	8
positional41,20,77,6,86-12-stable0.53	0.0	0	5	6
mobility0.79	0.0	0	8	8
