positional57,42,62,8,85-9-mobility0.14	NaN	0	0	0
positional57,42,62,8,85-9-mobility0.14	NaN	0	0	0
mobility0.60	NaN	0	0	0
positional57,42,62,8,85-9-mobility0.14	NaN	0	0	0
positional36,35,71,30,98	NaN	0	0	0
positional36,35,71,30,98	NaN	0	0	0
positional36,35,71,30,98	NaN	0	0	0
positional36,35,71,30,98	NaN	0	0	0
positional36,35,71,30,98	NaN	0	0	0
positional57,42,62,8,85	NaN	0	0	0
positional36,35,71,30,98	NaN	0	0	0
positional57,42,62,8,85-9-mobility0.14	NaN	0	0	0
positional57,42,62,8,85	NaN	0	0	0
positional57,42,62,8,85-9-mobility0.14	NaN	0	0	0
positional57,42,62,8,85-7-positional49,30,69,19,82	0.75	6	1	8
positional41,20,77,6,86-20-positional42,27,69,14,76	0.75	12	4	16
positional57,42,62,8,85-7-positional49,30,69,19,82	0.75	6	1	8
positional41,20,77,6,86	0.75	18	6	24
positional57,42,62,8,85-0-mobility0.06	0.75	6	2	8
positional63,21,54,12,71	0.7142857142857143	20	7	28
positional63,21,54,12,71	0.7142857142857143	20	7	28
positional63,21,54,12,71	0.7142857142857143	20	7	28
positional36,35,71,30,98	0.6875	11	5	16
positional58,36,59,21,91	0.6818181818181818	15	7	22
positional49,34,69,17,94	0.6666666666666666	32	15	48
positional49,34,69,17,94	0.6666666666666666	32	15	48
positional56,26,79,5,95-15-mobility0.45	0.6428571428571429	9	5	14
positional56,26,79,5,95-15-positional51,20,58,21,94	0.6333333333333333	19	11	30
positional58,36,59,21,91-20-positional42,27,69,14,76	0.625	5	3	8
positional49,34,69,17,94	0.625	10	6	16
positional48,42,77,19,74-10-positional42,26,65,4,96	0.59375	19	13	32
positional57,42,62,8,85-20-positional51,20,58,21,94	0.5	4	3	8
stable0.37-19-mobility0.06	0.5	4	4	8
positional57,42,62,8,85-20-mobility0.50	0.5	4	4	8
positional47,25,73,28,67-16-positional51,20,58,21,94	0.5	8	8	16
positional36,35,71,30,98-24-positional36,24,62,28,65	0.5	4	4	8
positional63,21,54,12,71	0.5	4	3	8
stable0.37-19-mobility0.06	0.5	4	4	8
positional41,20,77,6,86-24-mobility0.19	0.46875	15	16	32
positional41,20,77,6,86-24-mobility0.19	0.46875	15	16	32
positional41,20,77,6,86-24-mobility0.19	0.46875	15	16	32
positional57,42,62,8,85-24-positional36,24,62,28,65	0.4666666666666667	14	14	30
positional41,20,77,6,86-20-positional51,20,58,21,94	0.4583333333333333	11	12	24
positional48,42,77,19,74	0.375	6	10	16
positional57,42,62,8,85-20-positional51,20,58,21,94	0.35714285714285715	5	9	14
mobility0.62	0.3333333333333333	8	16	24
corners	0.275	11	29	40
positional47,25,73,28,67	0.25	8	23	32
positional36,35,71,30,98-15-mobility0.45	0.25	2	6	8
mobility0.16	0.25	2	6	8
positional41,20,77,6,86-11-corners	0.21875	7	24	32
corners-10-corners	0.20833333333333334	5	19	24
positional57,42,62,8,85-10-corners	0.18181818181818182	4	16	22
stable0.84	0.16666666666666666	2	8	12
mobility0.62	0.16666666666666666	4	20	24
stable0.84	0.16666666666666666	2	8	12
stable0.84	0.16666666666666666	2	8	12
stable0.84	0.16666666666666666	2	8	12
positional49,34,69,17,94-11-corners	0.125	4	27	32
positional49,34,69,17,94-11-corners	0.125	4	27	32
