positional57,42,62,8,85-0-positional49,30,69,19,82	NaN	0	0	0
positional49,34,69,17,94-22-positional50,34,51,27,67	NaN	0	0	0
positional57,42,62,8,85-20-positional42,27,69,14,76	NaN	0	0	0
positional49,34,69,17,94-22-positional50,34,51,27,67	NaN	0	0	0
positional57,42,62,8,85	NaN	0	0	0
positional63,21,54,12,71-22-positional63,21,74,15,66	NaN	0	0	0
positional55,27,50,3,82	0.9285714285714286	13	1	14
positional55,27,50,3,82	0.9285714285714286	13	1	14
positional55,27,50,3,82	0.9285714285714286	13	1	14
positional57,42,62,8,85	0.6875	11	5	16
positional57,42,62,8,85-7-positional49,30,69,19,82	0.6842105263157895	26	11	38
positional57,42,62,8,85-7-positional49,30,69,19,82	0.6842105263157895	26	11	38
positional57,42,62,8,85-7-positional49,30,69,19,82	0.6842105263157895	26	11	38
positional57,42,62,8,85-7-positional49,30,69,19,82	0.6842105263157895	26	11	38
positional58,36,59,21,91	0.6785714285714286	19	9	28
positional40,46,58,16,80-0-positional49,30,69,19,82	0.6666666666666666	8	4	12
positional40,46,58,16,80	0.6666666666666666	16	8	24
positional40,46,58,16,80	0.625	5	3	8
positional40,46,58,16,80	0.625	5	3	8
positional40,46,58,16,80	0.625	5	3	8
positional40,46,58,16,80	0.625	5	3	8
positional40,46,58,16,80	0.625	5	3	8
positional40,46,58,16,80	0.625	5	3	8
positional40,46,58,16,80	0.625	5	3	8
positional40,46,58,16,80	0.59375	19	12	32
positional63,21,54,12,71	0.5833333333333334	14	9	24
positional45,20,64,27,86-20-positional42,27,69,14,76	0.5740740740740741	31	23	54
positional45,20,64,27,86-20-positional42,27,69,14,76	0.5740740740740741	31	23	54
positional48,42,77,19,74-10-positional42,26,65,4,96	0.5740740740740741	31	22	54
positional48,42,77,19,74-10-positional42,26,65,4,96	0.5740740740740741	31	22	54
positional58,36,59,21,91-20-positional42,27,69,14,76	0.5714285714285714	16	9	28
positional49,34,69,17,94	0.5625	18	13	32
positional45,20,64,27,86	0.55	22	18	40
positional45,20,64,27,86	0.55	22	18	40
positional45,20,64,27,86	0.55	22	18	40
positional57,42,62,8,85-0-mobility0.06	0.5333333333333333	16	13	30
positional49,34,69,17,94	0.5	4	3	8
positional56,26,79,5,95-15-mobility0.45	0.5	11	11	22
positional45,20,64,27,86-24-mobility0.19	0.46875	15	16	32
positional57,42,62,8,85-24-positional36,24,62,28,65	0.4666666666666667	14	14	30
positional49,34,69,17,94	0.4375	7	7	16
positional48,42,77,19,74	0.4375	14	16	32
positional45,20,64,27,86	0.42857142857142855	6	8	14
mobility0.60	0.375	3	5	8
greedy-23-greedy	0.375	3	5	8
positional45,20,64,27,86-10-stable0.24	0.375	3	4	8
positional40,46,58,16,80	0.3181818181818182	7	12	22
positional57,42,62,8,85-9-mobility0.14	0.3125	10	22	32
positional57,42,62,8,85-9-mobility0.14	0.3125	10	22	32
positional57,42,62,8,85-9-mobility0.14	0.3125	10	22	32
positional57,42,62,8,85-9-mobility0.14	0.3125	10	22	32
positional45,20,64,27,86	0.25	5	15	20
positional57,42,62,8,85-24-mobility0.45	0.25	2	5	8
stable0.84	0.22	11	33	50
stable0.84	0.22	11	33	50
stable0.84	0.22	11	33	50
positional45,20,64,27,86	0.16666666666666666	1	5	6
mobility0.60-0-positional35,27,74,12,90	0.125	1	7	8
positional58,36,59,21,91	0.125	1	7	8
positional57,42,62,8,85	0.08333333333333333	1	9	12
