positional55,27,50,3,82	NaN	0	0	0
positional59,32,68,21,79	NaN	0	0	0
positional35,28,67,32,76	NaN	0	0	0
positional59,32,68,21,79-10-positional42,26,65,4,96	NaN	0	0	0
positional59,32,68,21,79	NaN	0	0	0
mobility0.60	NaN	0	0	0
positional55,27,50,3,82	NaN	0	0	0
positional57,42,62,8,85-0-positional49,30,69,19,82	NaN	0	0	0
positional59,32,68,21,79	NaN	0	0	0
positional59,32,68,21,79	NaN	0	0	0
positional57,42,62,8,85-7-positional40,41,60,7,87	NaN	0	0	0
positional55,27,50,3,82	NaN	0	0	0
positional55,27,50,3,82	NaN	0	0	0
positional59,32,68,21,79	NaN	0	0	0
positional51,21,79,11,66-9-positional41,45,67,13,98	0.75	6	2	8
positional51,21,79,11,66-9-positional41,45,67,13,98	0.75	6	2	8
positional58,36,59,21,91	0.6818181818181818	30	12	44
positional57,42,62,8,85-7-positional49,30,69,19,82	0.627906976744186	54	29	86
positional57,42,62,8,85-7-positional49,30,69,19,82	0.627906976744186	54	29	86
positional57,42,62,8,85-7-positional49,30,69,19,82	0.627906976744186	54	29	86
positional57,42,62,8,85-7-positional49,30,69,19,82	0.627906976744186	54	29	86
positional59,32,68,21,79	0.625	5	3	8
positional55,27,50,3,82	0.625	5	3	8
positional51,21,79,11,66	0.625	5	3	8
positional59,32,68,21,79	0.625	10	5	16
positional59,32,68,21,79-0-positional42,27,69,14,76	0.625	5	3	8
positional58,36,59,21,91-20-positional42,27,69,14,76	0.603448275862069	35	20	58
positional58,36,59,21,91-20-positional42,27,69,14,76	0.603448275862069	35	20	58
positional45,20,64,27,86-20-positional42,27,69,14,76	0.5806451612903226	36	26	62
positional63,21,54,12,71-7-positional49,30,69,19,82	0.5625	9	6	16
positional63,21,54,12,71-22-positional42,27,69,14,76	0.5625	9	6	16
positional57,42,62,8,85	0.55	22	18	40
positional57,42,62,8,85	0.55	22	18	40
positional57,42,62,8,85-0-mobility0.07	0.5333333333333333	16	13	30
positional55,27,50,3,82-20-positional42,27,69,14,76	0.5	8	7	16
positional59,32,68,21,79	0.5	4	4	8
positional45,20,64,27,86	0.5	28	28	56
positional59,32,68,21,79	0.4583333333333333	11	11	24
positional59,32,68,21,79	0.4583333333333333	11	11	24
positional59,32,68,21,79	0.4418604651162791	38	45	86
positional59,32,68,21,79	0.4418604651162791	38	45	86
positional59,32,68,21,79	0.4418604651162791	38	45	86
positional59,32,68,21,79	0.4418604651162791	38	45	86
positional59,32,68,21,79	0.4418604651162791	38	45	86
positional59,32,68,21,79	0.4418604651162791	38	45	86
positional59,32,68,21,79	0.4418604651162791	38	45	86
positional59,32,68,21,79	0.4418604651162791	38	45	86
positional63,21,54,12,71-22-positional63,21,74,15,66	0.4375	14	18	32
positional63,21,54,12,71-22-positional63,21,74,15,66	0.4375	14	18	32
positional35,28,67,32,76	0.425	17	21	40
positional59,32,68,21,79	0.375	9	14	24
positional45,20,64,27,86-10-stable0.24	0.375	3	4	8
positional59,32,68,21,79	0.375	6	10	16
positional59,32,68,21,79-0-greedy	0.3333333333333333	8	13	24
positional45,20,64,27,86-7-positional49,30,69,19,82	0.25	2	6	8
positional63,21,54,12,71	0.25	4	10	16
positional63,21,54,12,71-15-mobility0.07	0.25	2	6	8
greedy-23-greedy	0.21875	7	24	32
mobility0.60	0.20833333333333334	5	19	24
positional45,20,64,27,86	0.125	4	28	32
