positional51,21,79,11,66-12-greedy	NaN	0	0	0
mobility0.04-11-positional58,35,66,31,83	NaN	0	0	0
positional51,21,79,11,66-20-mobility0.99	NaN	0	0	0
positional38,36,79,27,87	NaN	0	0	0
positional55,27,50,3,82-9-greedy	NaN	0	0	0
positional39,42,75,16,88-9-positional41,45,67,13,98	NaN	0	0	0
positional58,36,59,21,91-20-positional41,45,67,13,98	NaN	0	0	0
positional39,42,75,16,88	0.8125	13	2	16
positional59,32,68,21,79-0-positional40,41,60,7,87	0.75	6	2	8
positional51,21,79,11,66	0.6818181818181818	15	7	22
positional55,27,50,3,82-0-mobility0.07	0.625	5	3	8
positional59,32,68,21,79-0-positional58,35,66,31,83	0.625	15	7	24
positional59,32,68,21,79	0.625	10	5	16
positional59,32,68,21,79	0.5909090909090909	13	8	22
positional59,32,68,21,79	0.5909090909090909	13	8	22
positional59,32,68,21,79	0.5909090909090909	13	8	22
positional59,32,68,21,79	0.5909090909090909	13	8	22
positional59,32,68,21,79	0.5909090909090909	13	8	22
positional38,36,79,27,87-7-positional56,32,58,22,65	0.5833333333333334	21	14	36
positional38,36,79,27,87	0.5833333333333334	14	10	24
positional38,36,79,27,87-7-positional56,32,58,22,65	0.5833333333333334	21	14	36
positional38,36,79,27,87-7-positional56,32,58,22,65	0.5833333333333334	21	14	36
positional38,36,79,27,87-7-positional56,32,58,22,65	0.5833333333333334	21	14	36
positional38,36,79,27,87-7-positional56,32,58,22,65	0.5833333333333334	21	14	36
positional51,21,79,11,66-20-positional64,30,58,27,67	0.5625	9	6	16
positional39,42,75,16,88-22-positional58,35,66,31,83	0.5625	9	6	16
positional38,36,79,27,87	0.55	22	18	40
positional58,36,59,21,91-20-positional58,35,66,31,83	0.5405405405405406	40	30	74
positional58,36,59,21,91-20-positional58,35,66,31,83	0.5405405405405406	40	30	74
positional51,21,79,11,66-9-positional41,45,67,13,98	0.5113636363636364	45	40	88
positional51,21,79,11,66-9-positional41,45,67,13,98	0.5113636363636364	45	40	88
positional51,21,79,11,66-9-positional41,45,67,13,98	0.5113636363636364	45	40	88
positional51,21,79,11,66-9-positional41,45,67,13,98	0.5113636363636364	45	40	88
positional51,21,79,11,66-9-positional41,45,67,13,98	0.5113636363636364	45	40	88
positional51,21,79,11,66-9-positional41,45,67,13,98	0.5113636363636364	45	40	88
positional51,21,79,11,66-9-positional41,45,67,13,98	0.5113636363636364	45	40	88
positional55,27,50,3,82	0.5	3	2	6
positional59,32,68,21,79	0.5	20	17	40
positional39,42,75,16,88	0.5	19	17	38
positional39,42,75,16,88	0.5	19	17	38
positional58,36,59,21,91-0-positional56,32,58,22,65	0.5	3	3	6
positional55,27,50,3,82	0.5	4	4	8
positional59,32,68,21,79	0.425531914893617	40	51	94
positional58,36,59,21,91	0.375	6	8	16
positional58,36,59,21,91	0.375	6	8	16
positional38,36,79,27,87-20-positional58,35,66,31,83	0.375	3	4	8
positional55,27,50,3,82	0.3125	5	11	16
positional51,21,79,11,66	0.3125	5	11	16
positional35,28,67,32,76	0.2608695652173913	12	33	46
positional35,28,67,32,76	0.2608695652173913	12	33	46
positional35,28,67,32,76	0.2608695652173913	12	33	46
positional59,32,68,21,79	0.25	2	6	8
greedy-5-corners	0.14516129032258066	9	52	62
greedy-5-corners	0.14516129032258066	9	52	62
greedy-5-corners	0.14516129032258066	9	52	62
greedy-5-corners	0.14516129032258066	9	52	62
greedy-5-corners	0.14516129032258066	9	52	62
greedy-5-corners	0.14516129032258066	9	52	62
positional39,42,75,16,88-15-mobility0.07	0.13636363636363635	3	18	22
positional38,36,79,27,87-7-corners	0.0	0	8	8
