positional62,28,64,23,80-0-positional38,26,58,26,93	NaN	0	0	0
positional62,28,64,23,80-0-greedy	NaN	0	0	0
positional61,40,57,9,73	NaN	0	0	0
positional48,45,66,13,71-14-positional59,25,54,7,86	NaN	0	0	0
positional40,35,54,22,86-18-positional56,31,58,34,89	NaN	0	0	0
positional47,35,55,12,77	NaN	0	0	0
positional42,39,50,4,76	NaN	0	0	0
positional35,28,69,25,87	NaN	0	0	0
positional62,28,64,23,80	NaN	0	0	0
positional62,28,64,23,80-0-positional55,31,63,19,77	0.875	7	1	8
positional40,35,54,22,86-14-positional62,34,63,10,99	0.7666666666666667	23	7	30
mobility0.93-14-positional38,26,58,26,93	0.75	12	4	16
positional42,25,67,2,72	0.75	18	6	24
positional53,30,59,27,91-13-positional55,31,63,19,77	0.75	6	2	8
positional53,30,59,27,91	0.7083333333333334	17	6	24
positional48,45,66,13,71-8-mobility0.00	0.6666666666666666	4	2	6
positional47,35,55,12,77-15-positional38,26,58,26,93	0.6666666666666666	4	2	6
positional48,45,66,13,71-8-mobility0.00	0.6666666666666666	4	2	6
positional48,45,66,13,71-8-mobility0.00	0.6666666666666666	4	2	6
positional61,40,57,9,73-19-positional38,26,58,26,93	0.6304347826086957	29	17	46
positional61,40,57,9,73-19-positional38,26,58,26,93	0.6304347826086957	29	17	46
positional61,40,57,9,73-19-positional38,26,58,26,93	0.6304347826086957	29	17	46
positional42,39,50,4,76	0.625	10	6	16
mobility0.68-14-positional55,31,71,29,83	0.625	5	3	8
positional45,28,66,33,91	0.5	4	2	8
positional47,35,55,12,77-15-positional38,26,58,26,93	0.5	22	21	44
positional47,35,55,12,77	0.5	12	12	24
positional47,35,55,12,77-15-positional38,26,58,26,93	0.5	22	21	44
positional48,45,66,13,71	0.5	7	6	14
positional48,45,66,13,71	0.5	7	6	14
stable0.04-5-mobility0.46	0.4375	14	18	32
mobility0.21	0.4375	7	9	16
positional52,21,70,19,95-0-positional55,31,63,19,77	0.4375	7	8	16
positional62,28,64,23,80-18-greedy	0.4146341463414634	34	48	82
positional62,28,64,23,80-18-greedy	0.4146341463414634	34	48	82
positional62,28,64,23,80-18-greedy	0.4146341463414634	34	48	82
positional62,28,64,23,80-18-greedy	0.4146341463414634	34	48	82
positional62,28,64,23,80-18-greedy	0.4146341463414634	34	48	82
positional62,28,64,23,80-18-greedy	0.4146341463414634	34	48	82
positional62,28,64,23,80-18-greedy	0.4146341463414634	34	48	82
mobility0.70-22-greedy	0.391304347826087	18	27	46
mobility0.70-22-greedy	0.391304347826087	18	27	46
mobility0.68-14-mobility0.42	0.38636363636363635	17	26	44
mobility0.68-14-mobility0.42	0.38636363636363635	17	26	44
mobility0.68-14-mobility0.42	0.38636363636363635	17	26	44
positional42,25,67,2,72	0.375	3	5	8
corners-23-corners	0.35294117647058826	12	22	34
positional45,28,66,33,91	0.34782608695652173	16	29	46
positional42,39,50,4,76-22-greedy	0.3333333333333333	2	4	6
mobility0.21-20-mobility0.38	0.3194444444444444	23	46	72
positional48,45,66,13,71-23-corners	0.3125	5	11	16
corners	0.2631578947368421	10	24	38
corners	0.2631578947368421	10	24	38
stable0.82-14-positional39,29,67,5,97	0.25	2	6	8
stable0.82-14-positional39,29,67,5,97	0.25	2	6	8
positional53,30,59,27,91-21-stable0.14	0.25	2	6	8
mobility0.93	0.23333333333333334	7	23	30
stable0.40	0.125	1	7	8
stable0.40	0.125	1	7	8
stable0.04	0.0	0	6	6
