corners-23-stable0.22	NaN	0	0	0
positional62,28,64,23,80	NaN	0	0	0
positional62,28,64,23,80	NaN	0	0	0
mobility0.64-14-corners	NaN	0	0	0
mobility0.56-18-stable0.82	NaN	0	0	0
positional53,30,59,27,91	NaN	0	0	0
mobility0.56-18-stable0.82	NaN	0	0	0
positional42,39,50,4,76-0-positional55,31,63,19,77	NaN	0	0	0
positional62,28,64,23,80-0-positional55,31,63,19,77	0.875	7	1	8
positional42,39,50,4,76	0.75	12	4	16
mobility0.64	0.75	6	2	8
positional42,39,50,4,76-13-positional55,31,63,19,77	0.75	12	3	16
positional42,39,50,4,76	0.75	12	4	16
positional42,39,50,4,76-0-positional62,34,63,10,99	0.75	6	2	8
positional56,40,52,3,81	0.75	6	2	8
positional53,30,59,27,91	0.725	29	10	40
positional40,35,54,22,86-14-positional62,34,63,10,99	0.7105263157894737	54	21	76
positional40,35,54,22,86-14-positional62,34,63,10,99	0.7105263157894737	54	21	76
positional40,35,54,22,86-14-positional62,34,63,10,99	0.7105263157894737	54	21	76
stable0.13-8-stable0.04	0.6666666666666666	4	2	6
stable0.13-8-stable0.04	0.6666666666666666	4	2	6
stable0.13-8-stable0.04	0.6666666666666666	4	2	6
stable0.13-8-stable0.04	0.6666666666666666	4	2	6
stable0.13-8-stable0.04	0.6666666666666666	4	2	6
positional35,28,69,25,87	0.6607142857142857	37	18	56
positional35,28,69,25,87	0.6607142857142857	37	18	56
positional35,28,69,25,87	0.6607142857142857	37	18	56
positional62,28,64,23,80-16-positional59,25,54,7,86	0.625	5	3	8
positional61,40,57,9,73-19-positional38,26,58,26,93	0.6129032258064516	38	23	62
positional56,40,52,3,81	0.5789473684210527	22	15	38
positional56,40,52,3,81	0.5789473684210527	22	15	38
positional47,35,55,12,77-15-positional38,26,58,26,93	0.5769230769230769	30	21	52
positional47,35,55,12,77-15-positional38,26,58,26,93	0.5769230769230769	30	21	52
mobility0.93-14-positional38,26,58,26,93	0.575	23	17	40
mobility0.93-14-positional38,26,58,26,93	0.575	23	17	40
positional47,35,55,12,77-15-positional38,26,58,26,93	0.5714285714285714	8	6	14
positional56,40,52,3,81	0.5	4	4	8
positional56,40,52,3,81-16-positional59,25,54,7,86	0.5	12	12	24
positional62,28,64,23,80-14-positional56,31,58,34,89	0.5	8	8	16
positional45,28,66,33,91	0.4375	7	7	16
positional62,28,64,23,80-18-positional38,26,58,26,93	0.4375	7	7	16
positional40,35,54,22,86-18-positional56,31,58,34,89	0.375	3	5	8
mobility0.93-0-positional55,31,63,19,77	0.375	3	5	8
positional61,40,57,9,73-17-mobility0.00	0.375	6	8	16
positional40,35,54,22,86-18-positional56,31,58,34,89	0.375	3	5	8
positional56,40,52,3,81-17-corners	0.375	3	5	8
positional62,28,64,23,80-18-greedy	0.3695652173913043	51	86	138
positional62,28,64,23,80-18-greedy	0.3695652173913043	51	86	138
positional56,40,52,3,81-23-corners	0.3333333333333333	8	16	24
positional40,35,54,22,86-15-positional38,26,58,26,93	0.3125	5	10	16
positional53,30,59,27,91	0.25	2	6	8
positional56,40,52,3,81-8-greedy	0.25	4	11	16
positional40,35,54,22,86-14-greedy	0.25	6	18	24
positional53,30,59,27,91	0.25	2	6	8
stable0.40	0.24074074074074073	13	40	54
stable0.40	0.24074074074074073	13	40	54
stable0.40	0.24074074074074073	13	40	54
positional53,30,59,27,91-21-stable0.14	0.22580645161290322	14	47	62
positional53,30,59,27,91-21-stable0.14	0.22580645161290322	14	47	62
stable0.17	0.1875	3	12	16
