positional56,31,65,21,75	NaN	0	0	0
mobility0.20-8-greedy	NaN	0	0	0
corners-23-positional45,36,58,19,93	NaN	0	0	0
positional40,35,54,22,86	NaN	0	0	0
positional56,31,65,21,75	NaN	0	0	0
corners-23-positional45,36,58,19,93	NaN	0	0	0
positional40,35,54,22,86-14-positional38,26,58,26,93	NaN	0	0	0
corners-23-positional45,36,58,19,93	NaN	0	0	0
mobility0.97-14-positional45,27,56,29,75	NaN	0	0	0
stable0.13-8-stable0.37	NaN	0	0	0
corners-23-positional45,36,58,19,93	NaN	0	0	0
positional53,30,59,27,91	NaN	0	0	0
positional37,20,62,11,69-18-greedy	NaN	0	0	0
mobility0.56-18-stable0.82	NaN	0	0	0
positional41,36,55,25,75-13-stable0.78	NaN	0	0	0
stable0.39	NaN	0	0	0
corners-23-positional45,36,58,19,93	NaN	0	0	0
corners-23-positional45,36,58,19,93	NaN	0	0	0
stable0.13-8-stable0.37	NaN	0	0	0
positional56,40,52,3,81	0.8333333333333334	5	1	6
positional41,36,55,25,75	0.725	29	11	40
positional41,36,55,25,75	0.725	29	11	40
positional40,35,54,22,86-14-positional57,46,66,8,67	0.7083333333333334	17	6	24
positional35,28,69,25,87	0.6545454545454545	72	33	110
positional35,28,69,25,87	0.6545454545454545	72	33	110
positional35,28,69,25,87	0.6545454545454545	72	33	110
positional35,28,69,25,87	0.6545454545454545	72	33	110
positional53,30,59,27,91	0.6290322580645161	39	20	62
positional53,30,59,27,91	0.6290322580645161	39	20	62
positional37,20,62,11,69-16-positional45,27,56,29,75	0.625	5	3	8
positional56,40,52,3,81	0.5909090909090909	13	9	22
positional47,35,55,12,77-15-positional38,26,58,26,93	0.5769230769230769	30	21	52
mobility0.93-14-positional38,26,58,26,93	0.575	23	17	40
stable0.13-14-positional45,36,58,19,93	0.5666666666666667	17	12	30
positional40,35,54,22,86	0.5625	9	7	16
positional41,36,55,25,75-13-positional40,37,63,10,91	0.5	4	3	8
mobility0.64	0.5	8	8	16
positional41,36,55,25,75-13-positional40,37,63,10,91	0.5	4	3	8
positional56,40,52,3,81-17-corners	0.4166666666666667	10	14	24
positional56,31,65,21,75-19-positional38,26,58,26,93	0.375	3	4	8
corners-23-stable0.22	0.375	3	4	8
mobility0.56	0.375	3	5	8
positional41,36,55,25,75	0.3333333333333333	2	4	6
mobility0.80-20-mobility0.81	0.3125	5	11	16
mobility0.80-20-mobility0.81	0.3125	5	11	16
mobility0.80-20-mobility0.81	0.3125	5	11	16
mobility0.80-20-mobility0.81	0.3125	5	11	16
positional41,36,55,25,75-18-greedy	0.3125	5	11	16
positional40,35,54,22,86-14-greedy	0.3076923076923077	24	53	78
positional40,35,54,22,86-14-greedy	0.3076923076923077	24	53	78
positional35,28,69,25,87-14-positional45,36,58,19,93	0.2857142857142857	4	8	14
positional56,31,65,21,75-19-greedy	0.28125	9	22	32
stable0.17	0.25	8	23	32
mobility0.64-14-positional57,46,66,8,67	0.25	4	12	16
mobility0.64	0.25	2	6	8
mobility0.64-14-corners	0.21428571428571427	6	21	28
corners	0.21428571428571427	3	11	14
mobility0.64-14-corners	0.21428571428571427	6	21	28
stable0.13	0.1875	3	13	16
positional56,40,52,3,81-8-corners	0.125	1	7	8
