corners	NaN	0	0	0
positional56,40,52,3,81	NaN	0	0	0
positional56,40,52,3,81-0-greedy	NaN	0	0	0
positional63,39,65,21,69-14-mobility0.49	NaN	0	0	0
positional63,39,65,21,69	NaN	0	0	0
positional53,30,59,27,91	NaN	0	0	0
stable0.13-8-stable0.37	NaN	0	0	0
stable0.13	NaN	0	0	0
stable0.41-13-corners	NaN	0	0	0
stable0.41-13-corners	NaN	0	0	0
stable0.66-13-positional62,40,53,4,68	1.0	8	0	8
positional56,40,52,3,81	0.8571428571428571	12	2	14
positional41,36,55,25,75-0-positional49,29,54,5,83	0.8333333333333334	5	1	6
positional40,35,54,22,86	0.7727272727272727	17	5	22
positional41,36,55,25,75-14-positional62,40,53,4,68	0.75	6	2	8
positional56,31,65,21,75	0.75	6	2	8
positional41,36,55,25,75-13-positional40,37,63,10,91	0.75	12	4	16
positional41,36,55,25,75	0.7209302325581395	62	23	86
positional41,36,55,25,75	0.7209302325581395	62	23	86
positional41,36,55,25,75	0.7209302325581395	62	23	86
stable0.62-14-positional49,29,54,5,83	0.6666666666666666	16	8	24
stable0.62-14-positional49,29,54,5,83	0.6666666666666666	16	8	24
positional53,30,59,27,91	0.6290322580645161	39	20	62
positional63,39,65,21,69-0-positional62,40,53,4,68	0.625	10	5	16
mobility0.80-20-positional62,40,53,4,68	0.5714285714285714	8	6	14
positional41,36,55,25,75-13-positional40,37,63,10,91	0.5652173913043478	26	17	46
positional41,36,55,25,75-13-positional40,37,63,10,91	0.5652173913043478	26	17	46
positional41,36,55,25,75-13-positional40,37,63,10,91	0.5652173913043478	26	17	46
positional41,36,55,25,75-13-positional40,37,63,10,91	0.5652173913043478	26	17	46
stable0.13-14-positional62,40,53,4,68	0.5526315789473685	21	16	38
corners-14-positional45,27,56,29,75	0.42857142857142855	6	8	14
positional37,20,62,11,69-18-greedy	0.4166666666666667	10	14	24
positional56,40,52,3,81-17-mobility0.81	0.375	6	10	16
positional41,36,55,25,75	0.375	6	10	16
mobility0.20-8-positional49,29,54,5,83	0.375	3	5	8
mobility0.80-20-mobility0.81	0.325	13	27	40
mobility0.80-20-mobility0.81	0.325	13	27	40
mobility0.97-14-positional45,27,56,29,75	0.3125	5	11	16
positional63,39,65,21,69-9-stable0.38	0.3076923076923077	16	35	52
positional63,39,65,21,69-9-stable0.38	0.3076923076923077	16	35	52
positional63,39,65,21,69-9-stable0.38	0.3076923076923077	16	35	52
positional63,39,65,21,69-9-stable0.38	0.3076923076923077	16	35	52
positional63,39,65,21,69-9-stable0.38	0.3076923076923077	16	35	52
corners	0.2916666666666667	7	17	24
mobility0.56	0.2727272727272727	6	16	22
stable0.39	0.26666666666666666	8	21	30
corners	0.25806451612903225	16	46	62
corners	0.25806451612903225	16	46	62
corners	0.25806451612903225	16	46	62
corners	0.25806451612903225	16	46	62
corners	0.25806451612903225	16	46	62
corners	0.25806451612903225	16	46	62
corners	0.25806451612903225	16	46	62
corners	0.25806451612903225	16	46	62
corners	0.25806451612903225	16	46	62
corners	0.25	2	6	8
positional63,39,65,21,69-13-stable0.34	0.25	2	6	8
positional56,40,52,3,81-8-corners	0.1875	3	13	16
mobility0.20-8-greedy	0.16666666666666666	1	5	6
corners	0.125	1	7	8
