stable0.60	NaN	0	0	0
corners-13-positional40,37,63,10,91	NaN	0	0	0
positional53,30,59,27,91	NaN	0	0	0
positional40,35,54,22,86	NaN	0	0	0
corners	NaN	0	0	0
corners	NaN	0	0	0
positional48,46,52,32,93-20-mobility0.81	NaN	0	0	0
stable0.60	NaN	0	0	0
corners-13-positional49,26,79,10,77	NaN	0	0	0
positional56,40,52,3,81	1.0	8	0	8
positional48,46,52,32,93-0-positional56,41,52,20,77	0.8333333333333334	5	1	6
positional48,46,52,32,93	0.8333333333333334	5	1	6
stable0.62-13-positional40,37,63,10,91	0.8125	13	2	16
positional48,46,52,32,93-13-positional40,37,63,10,91	0.8	32	7	40
positional48,46,52,32,93-13-positional40,37,63,10,91	0.8	32	7	40
positional63,39,65,21,69-14-positional49,26,79,10,77	0.75	6	2	8
positional63,39,65,21,69	0.75	12	4	16
positional40,35,54,22,86	0.6818181818181818	30	13	44
positional40,35,54,22,86	0.6818181818181818	30	13	44
positional56,40,52,3,81	0.6730769230769231	35	17	52
positional48,46,52,32,93-13-positional40,37,63,10,91	0.6410256410256411	50	25	78
positional48,46,52,32,93-13-positional40,37,63,10,91	0.6410256410256411	50	25	78
positional63,39,65,21,69	0.625	5	3	8
positional48,46,52,32,93-14-positional49,26,79,10,77	0.625	10	6	16
positional48,46,52,32,93	0.625	5	3	8
positional48,46,52,32,93	0.6153846153846154	32	20	52
positional48,46,52,32,93	0.6153846153846154	32	20	52
positional48,46,52,32,93	0.6153846153846154	32	20	52
positional48,46,52,32,93	0.6153846153846154	32	20	52
positional48,46,52,32,93	0.6153846153846154	32	20	52
positional48,46,52,32,93	0.6153846153846154	32	20	52
mobility0.80-20-positional49,26,79,10,77	0.5909090909090909	13	8	22
positional63,39,65,21,69-0-positional49,26,79,10,77	0.5625	18	13	32
stable0.25-15-positional62,45,54,0,70	0.5	4	4	8
positional63,39,65,21,69-14-mobility0.49	0.5	8	7	16
corners-14-positional45,27,56,29,75	0.42857142857142855	6	8	14
stable0.60-14-positional56,41,52,20,77	0.375	3	5	8
stable0.41-13-positional49,26,79,10,77	0.375	3	5	8
stable0.62	0.35714285714285715	5	9	14
mobility0.80-0-positional56,41,52,20,77	0.34375	11	20	32
positional63,39,65,21,69-13-stable0.34	0.3375	27	53	80
positional63,39,65,21,69-13-stable0.34	0.3375	27	53	80
positional63,39,65,21,69-13-stable0.34	0.3375	27	53	80
stable0.41-13-corners	0.3333333333333333	8	16	24
corners	0.3333333333333333	8	16	24
mobility0.80-20-mobility0.81	0.325	13	27	40
positional63,39,65,21,69-9-stable0.38	0.3076923076923077	16	35	52
stable0.39	0.26666666666666666	8	21	30
corners	0.2619047619047619	22	62	84
positional48,46,52,32,93	0.25	2	4	8
corners	0.25	5	15	20
corners	0.25	5	15	20
mobility0.84	0.25	2	6	8
corners	0.25	5	15	20
positional48,46,52,32,93-14-positional45,27,56,29,75	0.25	4	11	16
mobility0.84	0.25	2	6	8
corners	0.1875	6	26	32
corners	0.1875	6	26	32
corners	0.1875	6	26	32
corners	0.125	1	7	8
