stable0.64-0-positional49,26,79,10,77	NaN	0	0	0
stable0.04-8-greedy	NaN	0	0	0
stable0.04-8-greedy	NaN	0	0	0
stable0.16-13-positional45,37,51,20,99	NaN	0	0	0
stable0.64	NaN	0	0	0
positional63,39,65,21,69	NaN	0	0	0
positional35,36,60,2,92	NaN	0	0	0
corners-13-positional49,26,79,10,77	NaN	0	0	0
positional50,28,79,25,73	NaN	0	0	0
positional56,40,52,3,81	0.7916666666666666	19	5	24
positional63,39,65,21,69-14-positional49,26,79,10,77	0.75	12	3	16
positional63,39,65,21,69-14-positional49,26,79,10,77	0.75	6	2	8
positional56,40,52,3,81	0.75	6	2	8
positional63,39,65,21,69	0.75	18	5	24
positional56,40,52,3,81	0.6833333333333333	41	18	60
positional56,40,52,3,81	0.6833333333333333	41	18	60
positional56,40,52,3,81	0.6833333333333333	41	18	60
positional35,36,60,2,92	0.625	5	3	8
positional35,36,60,2,92	0.625	5	3	8
positional35,36,60,2,92	0.625	5	3	8
mobility0.35-14-positional51,32,65,7,79	0.625	15	8	24
positional35,36,60,2,92	0.625	5	3	8
positional63,39,65,21,69-0-positional49,26,79,10,77	0.5925925925925926	32	21	54
positional63,39,65,21,69	0.5833333333333334	28	17	48
positional63,39,65,21,69	0.5833333333333334	28	17	48
positional35,36,60,2,92-14-positional49,26,79,10,77	0.525	21	17	40
positional53,30,59,27,91	0.5	4	4	8
positional35,36,60,2,92-16-positional45,37,51,20,99	0.5	3	3	6
positional50,28,79,25,73	0.5	8	7	16
positional35,36,60,2,92-16-positional45,37,51,20,99	0.5	3	3	6
positional35,36,60,2,92-16-positional45,37,51,20,99	0.5	3	3	6
positional35,36,60,2,92	0.5	12	10	24
positional63,39,65,21,69	0.5	4	4	8
mobility0.84-11-positional35,24,58,23,67	0.5	4	4	8
positional35,36,60,2,92	0.5	4	4	8
positional50,28,79,25,73	0.5	8	8	16
positional35,36,60,2,92	0.475	19	19	40
positional50,28,79,25,73-7-mobility0.83	0.4375	7	9	16
positional50,28,79,25,73-7-mobility0.83	0.4375	7	9	16
positional50,28,79,25,73-7-mobility0.83	0.4375	7	9	16
corners-15-positional62,45,54,0,70	0.375	3	5	8
positional35,36,60,2,92-13-positional45,37,51,20,99	0.375	3	4	8
positional63,39,65,21,69	0.375	3	5	8
positional63,39,65,21,69-13-stable0.34	0.3375	27	53	80
stable0.59-13-greedy	0.27419354838709675	17	42	62
stable0.59-13-greedy	0.27419354838709675	17	42	62
stable0.59-13-greedy	0.27419354838709675	17	42	62
stable0.59-13-greedy	0.27419354838709675	17	42	62
stable0.16-0-positional49,26,79,10,77	0.25	2	6	8
corners	0.25	7	21	28
corners	0.25	7	21	28
stable0.16	0.23684210526315788	9	29	38
stable0.64	0.20833333333333334	5	19	24
mobility0.84	0.1875	6	26	32
corners	0.1875	3	13	16
stable0.16-0-positional49,26,79,10,77	0.1875	3	10	16
mobility0.84	0.1875	6	26	32
greedy	0.16666666666666666	1	5	6
greedy	0.16666666666666666	1	5	6
positional35,36,60,2,92	0.0	0	8	8
