positional51,39,79,33,94-13-positional59,45,55,10,82	NaN	0	0	0
mobility0.88-21-mobility0.63	NaN	0	0	0
positional39,29,55,33,99-15-stable0.85	NaN	0	0	0
positional51,39,79,33,94-21-positional52,33,53,21,90	NaN	0	0	0
positional60,32,68,20,82-15-positional62,45,54,0,70	NaN	0	0	0
stable0.62-13-positional59,45,55,10,82	NaN	0	0	0
positional39,29,55,33,99-15-stable0.85	NaN	0	0	0
positional51,39,79,33,94-21-positional52,33,53,21,90	NaN	0	0	0
positional39,29,55,33,99-15-stable0.85	NaN	0	0	0
mobility0.88-21-mobility0.63	NaN	0	0	0
positional56,40,52,3,81	NaN	0	0	0
positional51,39,79,33,94-14-positional52,33,53,21,90	NaN	0	0	0
positional60,32,68,20,82-0-positional58,37,59,4,92	0.875	7	1	8
positional50,28,79,25,73	0.8333333333333334	5	1	6
mobility0.84-11-positional59,45,55,10,82	0.75	6	2	8
positional51,39,79,33,94-14-positional52,33,53,21,90	0.75	12	3	16
positional51,39,79,33,94	0.7105263157894737	27	10	38
positional51,39,79,33,94	0.7105263157894737	27	10	38
mobility0.84-11-positional35,24,58,23,67	0.6875	11	5	16
positional51,39,79,33,94-14-positional52,33,53,21,90	0.6875	11	5	16
positional60,32,68,20,82	0.6818181818181818	15	6	22
positional56,40,52,3,81-14-positional58,37,59,4,92	0.6666666666666666	16	8	24
mobility0.35-12-positional58,37,59,4,92	0.65625	21	11	32
mobility0.35-12-positional58,37,59,4,92	0.65625	21	11	32
mobility0.35-12-positional58,37,59,4,92	0.65625	21	11	32
positional60,32,68,20,82	0.625	15	9	24
positional60,32,68,20,82	0.625	15	9	24
positional51,39,79,33,94-14-positional52,33,53,21,90	0.625	10	6	16
positional56,40,52,3,81	0.6190476190476191	52	31	84
positional56,40,52,3,81	0.5806451612903226	36	22	62
positional56,40,52,3,81	0.5806451612903226	36	22	62
positional56,40,52,3,81	0.5806451612903226	36	22	62
positional56,40,52,3,81	0.5806451612903226	36	22	62
positional51,39,79,33,94-0-positional59,45,55,10,82	0.5	4	4	8
positional50,28,79,25,73	0.5	4	3	8
positional50,28,79,25,73	0.4666666666666667	14	14	30
positional50,28,79,25,73	0.4666666666666667	14	14	30
positional60,32,68,20,82-14-positional52,33,53,21,90	0.44642857142857145	25	25	56
positional56,40,52,3,81	0.4375	7	9	16
positional56,40,52,3,81	0.4375	7	8	16
positional60,32,68,20,82	0.43333333333333335	13	16	30
positional60,32,68,20,82	0.43333333333333335	13	16	30
stable0.64	0.375	3	5	8
stable0.59-13-greedy	0.35106382978723405	33	57	94
positional51,39,79,33,94-6-greedy	0.3333333333333333	8	14	24
positional51,39,79,33,94-6-greedy	0.3333333333333333	8	14	24
positional50,28,79,25,73-7-mobility0.83	0.3225806451612903	20	39	62
positional50,28,79,25,73-7-mobility0.83	0.3225806451612903	20	39	62
positional50,28,79,25,73-7-mobility0.83	0.3225806451612903	20	39	62
positional50,28,79,25,73-7-mobility0.83	0.3225806451612903	20	39	62
greedy	0.3055555555555556	11	24	36
greedy	0.3055555555555556	11	24	36
stable0.59	0.2727272727272727	6	15	22
mobility0.35	0.25	2	5	8
stable0.62	0.25	2	6	8
positional51,39,79,33,94-7-mobility0.83	0.25	4	12	16
stable0.64	0.25	8	23	32
stable0.04-8-greedy	0.1875	6	24	32
stable0.04-8-greedy	0.1875	6	24	32
positional60,32,68,20,82-8-greedy	0.1875	3	12	16
