positional39,42,75,16,88-0-positional58,35,66,31,83	0.6428571428571429	99	51	154
positional59,32,68,21,79-0-positional56,32,58,22,65	0.625	70	40	112
positional39,42,75,16,88	0.6132478632478633	287	167	468
positional39,42,75,16,88	0.6132478632478633	287	167	468
positional39,42,75,16,88	0.6132478632478633	287	167	468
positional39,42,75,16,88	0.6132478632478633	287	167	468
positional58,36,59,21,91-9-positional41,45,67,13,98	0.5813008130081301	143	97	246
positional51,21,79,11,66-20-positional64,30,58,27,67	0.5769230769230769	225	150	390
positional51,21,79,11,66-20-positional64,30,58,27,67	0.5769230769230769	225	150	390
positional55,27,50,3,82-0-positional56,32,58,22,65	0.5714285714285714	80	56	140
positional38,36,79,27,87	0.5652173913043478	104	74	184
positional51,21,79,11,66	0.5642857142857143	158	115	280
positional51,21,79,11,66	0.5642857142857143	158	115	280
positional38,36,79,27,87	0.5641025641025641	88	65	156
positional59,32,68,21,79	0.5627118644067797	332	239	590
positional59,32,68,21,79	0.5627118644067797	332	239	590
positional59,32,68,21,79	0.5627118644067797	332	239	590
positional59,32,68,21,79	0.5627118644067797	332	239	590
positional59,32,68,21,79	0.5627118644067797	332	239	590
mobility0.04-11-positional58,35,66,31,83	0.5608108108108109	83	62	148
positional38,36,79,27,87-7-positional56,32,58,22,65	0.5590778097982709	388	285	694
positional38,36,79,27,87-7-positional56,32,58,22,65	0.5590778097982709	388	285	694
positional38,36,79,27,87-7-positional56,32,58,22,65	0.5590778097982709	388	285	694
positional38,36,79,27,87-7-positional56,32,58,22,65	0.5590778097982709	388	285	694
positional38,36,79,27,87-7-positional56,32,58,22,65	0.5590778097982709	388	285	694
positional59,32,68,21,79-7-positional56,32,58,22,65	0.5581395348837209	48	35	86
positional38,36,79,27,87	0.5546218487394958	264	195	476
positional38,36,79,27,87	0.5546218487394958	264	195	476
positional38,36,79,27,87	0.5546218487394958	264	195	476
positional59,32,68,21,79	0.5489795918367347	269	202	490
positional59,32,68,21,79	0.5489795918367347	269	202	490
positional59,32,68,21,79	0.5489795918367347	269	202	490
positional39,42,75,16,88	0.5454545454545454	48	36	88
positional59,32,68,21,79-20-positional64,30,58,27,67	0.543010752688172	101	80	186
positional51,21,79,11,66	0.5411764705882353	92	73	170
positional55,27,50,3,82-0-mobility0.07	0.5402298850574713	94	74	174
positional55,27,50,3,82	0.5353535353535354	106	84	198
positional58,36,59,21,91	0.5338345864661654	142	114	266
positional58,36,59,21,91	0.5338345864661654	142	114	266
positional39,42,75,16,88	0.5287356321839081	92	73	174
positional59,32,68,21,79	0.5283018867924528	56	46	106
positional59,32,68,21,79-0-positional58,35,66,31,83	0.5230769230769231	136	114	260
positional59,32,68,21,79-0-positional58,35,66,31,83	0.5230769230769231	136	114	260
positional51,21,79,11,66	0.5	84	80	168
positional58,36,59,21,91-20-positional58,35,66,31,83	0.5	122	116	244
positional51,21,79,11,66-9-positional41,45,67,13,98	0.5	179	171	358
positional59,32,68,21,79	0.5	86	81	172
positional59,32,68,21,79-0-positional40,41,60,7,87	0.4838709677419355	90	86	186
mobility0.04-20-positional64,30,58,27,67	0.46551724137931033	81	86	174
positional38,36,79,27,87-0-positional58,35,66,31,83	0.45454545454545453	30	34	66
positional39,42,75,16,88-12-greedy	0.2619047619047619	33	90	126
positional51,21,79,11,66-12-greedy	0.25	111	319	444
positional51,21,79,11,66-12-greedy	0.25	111	319	444
positional38,36,79,27,87-7-corners	0.23863636363636365	42	132	176
positional38,36,79,27,87-5-corners	0.23684210526315788	45	137	190
positional55,27,50,3,82-9-greedy	0.23148148148148148	50	158	216
positional55,27,50,3,82-9-greedy	0.2191780821917808	32	110	146
positional51,21,79,11,66-20-mobility0.99	0.20454545454545456	27	99	132
positional59,32,68,21,79-7-corners	0.1953125	50	200	256
greedy-5-corners	0.16842105263157894	32	153	190
