stable0.49	NaN	0	0	0
greedy	NaN	0	0	0
positional44,26,66,10,95	0.7037037037037037	19	8	27
stable0.54-6-positional57,17,77,11,92	0.7	42	18	60
stable0.54-6-positional57,17,77,11,92	0.7	42	18	60
positional35,15,51,5,91	0.6842105263157895	39	18	57
positional44,26,66,10,95	0.6790123456790124	55	26	81
positional44,26,66,10,95	0.6790123456790124	55	26	81
positional33,17,62,3,97	0.6666666666666666	50	25	75
positional52,31,69,2,95	0.6631016042780749	124	63	187
positional52,31,69,2,95	0.6631016042780749	124	63	187
positional52,31,69,2,95	0.6631016042780749	124	63	187
positional52,31,69,2,95	0.6631016042780749	124	63	187
positional52,31,69,2,95	0.6631016042780749	124	63	187
positional52,31,69,2,95	0.6631016042780749	124	63	187
greedy-12-positional33,15,78,4,83	0.6538461538461539	51	27	78
stable0.80-18-positional30,27,59,10,97	0.6538461538461539	17	9	26
greedy-12-positional33,15,78,4,83	0.6538461538461539	51	27	78
positional41,20,56,9,96-18-positional30,27,59,10,97	0.6530612244897959	96	51	147
positional41,20,56,9,96-18-positional30,27,59,10,97	0.6530612244897959	96	51	147
positional41,20,56,9,96-18-positional30,27,59,10,97	0.6530612244897959	96	51	147
positional51,25,64,9,99	0.6530612244897959	32	17	49
positional41,20,56,9,96-18-positional30,27,59,10,97	0.6530612244897959	96	51	147
positional40,29,70,7,83	0.6461538461538462	42	23	65
positional40,29,70,7,83	0.6461538461538462	42	23	65
positional52,31,69,2,95-18-positional30,27,59,10,97	0.6176470588235294	21	13	34
positional51,19,54,9,88	0.6172839506172839	50	31	81
positional55,31,55,6,93	0.6168831168831169	95	59	154
positional55,31,55,6,93	0.6168831168831169	95	59	154
positional55,31,55,6,93	0.6168831168831169	95	59	154
positional41,20,56,9,96	0.6153846153846154	24	15	39
positional32,22,52,8,99	0.6137931034482759	89	56	145
positional32,22,52,8,99	0.6137931034482759	89	56	145
positional32,22,52,8,99	0.6137931034482759	89	56	145
greedy-19-positional53,25,68,8,93	0.6	54	36	90
positional52,31,69,2,95	0.6	39	26	65
positional52,31,69,2,95-0-positional49,30,59,6,90	0.5925925925925926	32	22	54
stable0.80-12-positional40,21,69,14,80	0.5892857142857143	33	23	56
positional46,15,62,10,82	0.5873015873015873	37	26	63
positional32,22,52,8,99	0.5833333333333334	28	20	48
positional58,22,68,11,94-23-positional49,30,59,6,90	0.5737704918032787	35	26	61
positional41,20,56,9,96	0.5454545454545454	12	10	22
positional52,31,69,2,95	0.525	21	19	40
stable0.54-19-positional53,25,68,8,93	0.5238095238095238	22	20	42
stable0.20	0.5	14	14	28
positional46,15,62,10,82	0.4878048780487805	20	21	41
positional32,22,52,8,99	0.47619047619047616	10	11	21
mobility0.01	0.4642857142857143	26	30	56
positional55,31,55,6,93	0.4603174603174603	29	34	63
greedy	0.4	26	39	65
positional40,29,70,7,83	0.3939393939393939	13	20	33
corners-14-greedy	0.3780487804878049	31	51	82
stable0.49-13-mobility0.89	0.36283185840707965	41	72	113
stable0.49-13-mobility0.89	0.36283185840707965	41	72	113
mobility0.23	0.35365853658536583	29	53	82
stable0.54	0.32142857142857145	9	19	28
mobility0.85-16-stable0.61	0.3125	20	44	64
greedy-14-greedy	0.2878787878787879	19	47	66
greedy-13-mobility0.89	0.25	7	21	28
mobility0.85	0.10256410256410256	4	35	39
