positional35,15,51,5,91	NaN	0	0	0
positional33,17,62,3,97	NaN	0	0	0
positional52,31,69,2,95	0.75	9	3	12
positional44,26,66,10,95	0.7142857142857143	10	4	14
positional33,17,62,3,97-0-positional33,15,78,4,83	0.6122448979591837	30	19	49
positional33,17,62,3,97	0.6103896103896104	47	30	77
positional35,15,51,5,91	0.6086956521739131	14	9	23
positional52,31,69,2,95	0.5769230769230769	30	22	52
positional52,31,69,2,95	0.575	46	34	80
positional52,31,69,2,95	0.575	46	34	80
positional52,31,69,2,95	0.5714285714285714	16	12	28
positional35,15,51,5,91	0.5714285714285714	8	6	14
positional44,26,66,10,95-12-positional33,15,78,4,83	0.5714285714285714	8	6	14
positional44,26,66,10,95	0.5641025641025641	44	34	78
positional44,26,66,10,95	0.559322033898305	627	494	1121
positional44,26,66,10,95	0.559322033898305	627	494	1121
positional44,26,66,10,95	0.559322033898305	627	494	1121
positional44,26,66,10,95	0.559322033898305	627	494	1121
positional52,31,69,2,95	0.5538461538461539	108	87	195
positional52,31,69,2,95	0.5538461538461539	108	87	195
positional52,31,69,2,95	0.5508021390374331	103	84	187
positional52,31,69,2,95	0.5405405405405406	20	17	37
positional52,31,69,2,95	0.5384615384615384	14	12	26
positional35,15,51,5,91	0.534375	171	149	320
positional52,31,69,2,95	0.5277777777777778	152	136	288
positional52,31,69,2,95	0.5277777777777778	152	136	288
positional52,31,69,2,95	0.5277777777777778	152	136	288
positional52,31,69,2,95	0.5277777777777778	152	136	288
positional52,31,69,2,95	0.5277777777777778	152	136	288
positional44,26,66,10,95	0.5263157894736842	20	18	38
positional44,26,66,10,95	0.5222222222222223	47	43	90
positional44,26,66,10,95	0.5222222222222223	47	43	90
positional33,17,62,3,97	0.5217391304347826	144	132	276
positional33,17,62,3,97	0.5217391304347826	144	132	276
positional33,17,62,3,97	0.5217391304347826	144	132	276
positional35,15,51,5,91	0.5212947189097104	306	281	587
positional35,15,51,5,91	0.5212947189097104	306	281	587
positional35,15,51,5,91	0.5212947189097104	306	281	587
positional35,15,51,5,91	0.52	52	48	100
positional35,15,51,5,91	0.5116279069767442	44	42	86
positional35,15,51,5,91	0.5116279069767442	44	42	86
positional33,17,62,3,97-12-positional33,15,78,4,83	0.5116279069767442	88	84	172
positional33,17,62,3,97-12-positional33,15,78,4,83	0.5116279069767442	88	84	172
positional52,31,69,2,95	0.5080213903743316	95	92	187
positional52,31,69,2,95	0.5080213903743316	95	92	187
positional35,15,51,5,91	0.5	26	26	52
positional52,31,69,2,95	0.5	39	39	78
positional35,15,51,5,91	0.5	26	26	52
positional52,31,69,2,95	0.5	24	24	48
positional44,26,66,10,95-0-positional33,15,78,4,83	0.49056603773584906	26	27	53
positional35,15,51,5,91-12-positional33,15,78,4,83	0.4834123222748815	102	109	211
positional35,15,51,5,91-12-positional33,15,78,4,83	0.4834123222748815	102	109	211
positional35,15,51,5,91	0.475	19	21	40
positional44,26,66,10,95	0.45098039215686275	23	28	51
positional33,17,62,3,97-12-positional33,15,78,4,83	0.4375	14	18	32
positional44,26,66,10,95	0.4166666666666667	30	42	72
positional35,15,51,5,91	0.4090909090909091	27	39	66
positional52,31,69,2,95	0.3880597014925373	26	41	67
positional35,15,51,5,91	0.3076923076923077	4	9	13
positional33,17,62,3,97	0.25925925925925924	7	20	27
