positional44,26,66,10,95	NaN	0	0	0
positional44,26,66,10,95	NaN	0	0	0
positional44,26,66,10,95	0.7692307692307693	10	3	13
positional52,31,69,2,95	0.6981132075471698	37	16	53
positional52,31,69,2,95	0.6792452830188679	36	17	53
positional44,26,66,10,95	0.6764705882352942	23	11	34
positional52,31,69,2,95	0.6153846153846154	32	20	52
positional52,31,69,2,95	0.6129032258064516	57	36	93
positional52,31,69,2,95	0.6	6	4	10
positional33,17,62,3,97	0.5887096774193549	73	51	124
positional33,17,62,3,97	0.5887096774193549	73	51	124
positional44,26,66,10,95	0.5833333333333334	7	5	12
positional52,31,69,2,95	0.5714285714285714	8	6	14
positional44,26,66,10,95	0.5692307692307692	37	28	65
positional44,26,66,10,95-0-positional33,15,78,4,83	0.56	14	11	25
positional44,26,66,10,95-12-positional33,15,78,4,83	0.5576923076923077	29	23	52
positional44,26,66,10,95	0.5555555555555556	710	568	1278
positional44,26,66,10,95	0.5555555555555556	710	568	1278
positional44,26,66,10,95	0.5555555555555556	710	568	1278
positional44,26,66,10,95	0.5555555555555556	710	568	1278
positional44,26,66,10,95	0.5555555555555556	710	568	1278
positional44,26,66,10,95	0.5555555555555556	710	568	1278
positional52,31,69,2,95-0-positional33,15,78,4,83	0.5531914893617021	26	21	47
positional52,31,69,2,95	0.5529411764705883	47	38	85
positional52,31,69,2,95	0.5529411764705883	47	38	85
positional52,31,69,2,95	0.5492957746478874	117	96	213
positional44,26,66,10,95	0.5423728813559322	64	54	118
positional44,26,66,10,95	0.5423728813559322	64	54	118
positional52,31,69,2,95	0.5384615384615384	14	12	26
positional33,17,62,3,97-0-positional33,15,78,4,83	0.5284552845528455	65	58	123
positional33,17,62,3,97-0-positional33,15,78,4,83	0.5284552845528455	65	58	123
positional35,15,51,5,91	0.527027027027027	39	35	74
positional44,26,66,10,95	0.5247524752475248	53	48	101
positional33,17,62,3,97-12-positional33,15,78,4,83	0.5231481481481481	113	103	216
positional33,17,62,3,97	0.5207667731629393	163	150	313
positional35,15,51,5,91	0.52	26	24	50
positional35,15,51,5,91	0.5107913669064749	71	68	139
positional52,31,69,2,95	0.5082508250825083	154	149	303
positional52,31,69,2,95	0.5082508250825083	154	149	303
positional52,31,69,2,95	0.5082508250825083	154	149	303
positional52,31,69,2,95	0.5082508250825083	154	149	303
positional52,31,69,2,95	0.5082508250825083	154	149	303
positional33,17,62,3,97	0.5	25	25	50
positional52,31,69,2,95	0.49523809523809526	52	53	105
positional52,31,69,2,95	0.48148148148148145	13	14	27
positional52,31,69,2,95	0.4785714285714286	201	219	420
positional52,31,69,2,95	0.4785714285714286	201	219	420
positional52,31,69,2,95	0.4785714285714286	201	219	420
positional52,31,69,2,95	0.4785714285714286	201	219	420
positional52,31,69,2,95	0.47560975609756095	39	43	82
positional33,17,62,3,97	0.46153846153846156	12	14	26
positional52,31,69,2,95	0.4576271186440678	27	32	59
positional35,15,51,5,91	0.453781512605042	54	65	119
positional35,15,51,5,91	0.453781512605042	54	65	119
positional52,31,69,2,95	0.4444444444444444	12	15	27
positional52,31,69,2,95	0.43478260869565216	10	13	23
positional52,31,69,2,95	0.4166666666666667	15	21	36
positional35,15,51,5,91	0.41025641025641024	32	46	78
positional52,31,69,2,95	0.37254901960784315	38	64	102
positional44,26,66,10,95	0.28	7	18	25
