greedy-12-positional30,27,59,10,97	NaN	0	0	0
positional33,17,62,3,97	0.8	8	2	10
positional35,15,51,5,91-0-positional30,27,59,10,97	0.75	9	3	12
positional40,29,70,7,83	0.6521739130434783	15	8	23
positional41,20,56,9,96	0.6454545454545455	71	39	110
positional41,20,56,9,96	0.6454545454545455	71	39	110
positional44,26,66,10,95	0.625	125	75	200
positional44,26,66,10,95	0.625	125	75	200
positional44,26,66,10,95	0.625	125	75	200
positional44,26,66,10,95	0.625	125	75	200
positional35,15,51,5,91	0.6153846153846154	8	5	13
positional35,15,51,5,91	0.6153846153846154	16	10	26
positional44,26,66,10,95	0.6111111111111112	11	7	18
positional52,31,69,2,95	0.5974025974025974	46	31	77
greedy-12-positional33,15,78,4,83	0.5896103896103896	227	158	385
greedy-12-positional33,15,78,4,83	0.5896103896103896	227	158	385
greedy-12-positional33,15,78,4,83	0.5896103896103896	227	158	385
greedy-12-positional33,15,78,4,83	0.5896103896103896	227	158	385
greedy-12-positional33,15,78,4,83	0.5896103896103896	227	158	385
positional41,20,56,9,96-18-positional30,27,59,10,97	0.5835616438356165	213	152	365
positional52,31,69,2,95	0.5788461538461539	301	219	520
positional52,31,69,2,95	0.5788461538461539	301	219	520
positional33,17,62,3,97	0.5660377358490566	210	161	371
positional33,17,62,3,97	0.5660377358490566	210	161	371
positional33,17,62,3,97	0.5660377358490566	210	161	371
positional33,17,62,3,97	0.5660377358490566	210	161	371
positional33,17,62,3,97	0.5660377358490566	210	161	371
positional33,17,62,3,97	0.5660377358490566	210	161	371
positional33,17,62,3,97	0.5660377358490566	210	161	371
positional44,26,66,10,95-18-positional30,27,59,10,97	0.5492957746478874	39	32	71
positional40,29,70,7,83	0.54739336492891	231	191	422
positional40,29,70,7,83	0.54739336492891	231	191	422
positional40,29,70,7,83	0.54739336492891	231	191	422
positional40,29,70,7,83	0.54739336492891	231	191	422
positional40,29,70,7,83	0.54739336492891	231	191	422
positional40,29,70,7,83	0.54739336492891	231	191	422
positional40,29,70,7,83	0.54739336492891	231	191	422
positional44,26,66,10,95	0.5454545454545454	18	15	33
positional35,15,51,5,91	0.5323529411764706	181	159	340
positional35,15,51,5,91	0.5323529411764706	181	159	340
positional35,15,51,5,91	0.5323529411764706	181	159	340
positional35,15,51,5,91	0.5323529411764706	181	159	340
positional35,15,51,5,91	0.5323529411764706	181	159	340
positional35,15,51,5,91	0.5323529411764706	181	159	340
positional52,31,69,2,95-6-positional57,17,77,11,92	0.53	53	47	100
positional35,15,51,5,91	0.5267175572519084	69	62	131
positional40,29,70,7,83	0.5060240963855421	42	41	83
positional40,29,70,7,83	0.5060240963855421	42	41	83
positional33,17,62,3,97	0.5	7	7	14
positional44,26,66,10,95	0.5	5	5	10
positional33,17,62,3,97-6-positional57,17,77,11,92	0.45161290322580644	14	17	31
positional40,29,70,7,83-12-positional33,15,78,4,83	0.4117647058823529	14	20	34
positional40,29,70,7,83	0.41025641025641024	16	23	39
positional41,20,56,9,96	0.4	10	15	25
positional52,31,69,2,95	0.375	27	45	72
positional41,20,56,9,96	0.36	9	16	25
positional40,29,70,7,83	0.3333333333333333	4	8	12
greedy	0.2	6	24	30
greedy	0.15555555555555556	7	38	45
greedy	0.10714285714285714	3	25	28
