positional33,17,62,3,97	NaN	0	0	0
positional33,17,62,3,97	0.6724137931034483	39	19	58
positional33,17,62,3,97	0.6551724137931034	38	20	58
positional35,15,51,5,91	0.6458333333333334	31	17	48
positional52,31,69,2,95	0.6413793103448275	93	52	145
positional52,31,69,2,95	0.6413793103448275	93	52	145
positional35,15,51,5,91	0.6388888888888888	23	13	36
positional52,31,69,2,95	0.6	21	14	35
greedy-12-positional33,15,78,4,83	0.5934291581108829	289	198	487
greedy-12-positional33,15,78,4,83	0.5934291581108829	289	198	487
greedy-12-positional33,15,78,4,83	0.5934291581108829	289	198	487
positional35,15,51,5,91-0-positional30,27,59,10,97	0.5853658536585366	24	17	41
positional33,17,62,3,97	0.5833333333333334	21	15	36
positional41,20,56,9,96	0.5769230769230769	15	11	26
positional41,20,56,9,96	0.5720930232558139	123	92	215
positional41,20,56,9,96	0.5720930232558139	123	92	215
positional41,20,56,9,96	0.5720930232558139	123	92	215
positional41,20,56,9,96	0.5720930232558139	123	92	215
positional41,20,56,9,96	0.5720930232558139	123	92	215
positional41,20,56,9,96	0.5720930232558139	123	92	215
positional41,20,56,9,96	0.5720930232558139	123	92	215
positional52,31,69,2,95	0.5661375661375662	321	246	567
positional52,31,69,2,95	0.5661375661375662	321	246	567
positional44,26,66,10,95	0.5631578947368421	214	166	380
positional44,26,66,10,95	0.5631578947368421	214	166	380
positional44,26,66,10,95	0.5631578947368421	214	166	380
positional44,26,66,10,95	0.5631578947368421	214	166	380
positional44,26,66,10,95	0.5631578947368421	214	166	380
positional44,26,66,10,95	0.5631578947368421	214	166	380
positional44,26,66,10,95	0.5631578947368421	214	166	380
positional44,26,66,10,95	0.5631578947368421	214	166	380
positional44,26,66,10,95	0.5631578947368421	214	166	380
positional41,20,56,9,96	0.5588235294117647	19	15	34
positional33,17,62,3,97	0.548689138576779	293	241	534
positional33,17,62,3,97	0.548689138576779	293	241	534
positional33,17,62,3,97	0.548689138576779	293	241	534
positional33,17,62,3,97	0.548689138576779	293	241	534
positional33,17,62,3,97	0.548689138576779	293	241	534
positional33,17,62,3,97	0.548689138576779	293	241	534
positional33,17,62,3,97	0.548689138576779	293	241	534
positional33,17,62,3,97	0.548689138576779	293	241	534
positional33,17,62,3,97	0.548689138576779	293	241	534
positional52,31,69,2,95	0.5483870967741935	17	14	31
positional40,29,70,7,83	0.5428571428571428	19	16	35
positional40,29,70,7,83	0.5370786516853933	239	206	445
positional33,17,62,3,97	0.5294117647058824	27	24	51
positional33,17,62,3,97	0.5294117647058824	18	16	34
positional41,20,56,9,96	0.5172413793103449	30	28	58
positional52,31,69,2,95	0.5	5	5	10
positional44,26,66,10,95-0-positional30,27,59,10,97	0.5	20	20	40
positional41,20,56,9,96	0.47619047619047616	10	11	21
positional35,15,51,5,91	0.4722222222222222	17	19	36
positional44,26,66,10,95	0.4375	14	18	32
positional44,26,66,10,95	0.4270833333333333	41	55	96
positional44,26,66,10,95	0.4270833333333333	41	55	96
positional44,26,66,10,95	0.3958333333333333	19	29	48
positional44,26,66,10,95	0.391304347826087	9	14	23
greedy	0.2	5	20	25
greedy	0.13333333333333333	8	52	60
greedy	0.0	0	10	10
