positional52,31,69,2,95	0.5985401459854015	82	55	137
positional52,31,69,2,95	0.5641025641025641	66	51	117
positional44,26,66,10,95	0.5596330275229358	61	48	109
positional52,31,69,2,95	0.5576923076923077	87	69	156
positional33,17,62,3,97-0-positional33,15,78,4,83	0.5454545454545454	96	80	176
positional33,17,62,3,97-0-positional33,15,78,4,83	0.5372750642673522	209	180	389
positional33,17,62,3,97-0-positional33,15,78,4,83	0.5372750642673522	209	180	389
positional52,31,69,2,95	0.5355555555555556	241	209	450
positional52,31,69,2,95	0.5355555555555556	241	209	450
positional52,31,69,2,95	0.5355555555555556	241	209	450
positional44,26,66,10,95	0.5351648351648352	974	846	1820
positional44,26,66,10,95	0.5351648351648352	974	846	1820
positional44,26,66,10,95	0.5351648351648352	974	846	1820
positional44,26,66,10,95	0.5351648351648352	974	846	1820
positional44,26,66,10,95	0.5351648351648352	974	846	1820
positional44,26,66,10,95	0.5351648351648352	974	846	1820
positional44,26,66,10,95-0-positional33,15,78,4,83	0.5324074074074074	115	101	216
positional33,17,62,3,97	0.5302013422818792	316	280	596
positional33,17,62,3,97	0.5302013422818792	316	280	596
positional33,17,62,3,97	0.5302013422818792	316	280	596
positional35,15,51,5,91	0.5277777777777778	76	68	144
positional52,31,69,2,95	0.526431718061674	239	215	454
positional52,31,69,2,95	0.526431718061674	239	215	454
positional44,26,66,10,95-0-positional33,15,78,4,83	0.5213675213675214	61	56	117
positional44,26,66,10,95	0.521311475409836	318	292	610
positional44,26,66,10,95	0.521311475409836	318	292	610
positional44,26,66,10,95	0.521311475409836	318	292	610
positional52,31,69,2,95-12-positional33,15,78,4,83	0.5170454545454546	91	85	176
positional52,31,69,2,95	0.5161290322580645	144	135	279
positional52,31,69,2,95	0.5154185022026432	117	110	227
positional52,31,69,2,95	0.5151515151515151	187	176	363
positional52,31,69,2,95	0.5151515151515151	187	176	363
positional52,31,69,2,95	0.5151515151515151	187	176	363
positional44,26,66,10,95	0.51010101010101	101	97	198
positional35,15,51,5,91	0.5098039215686274	52	50	102
positional44,26,66,10,95	0.5096525096525096	264	254	518
positional44,26,66,10,95	0.5096525096525096	264	254	518
positional44,26,66,10,95	0.5096525096525096	264	254	518
positional52,31,69,2,95	0.5094339622641509	81	78	159
positional33,17,62,3,97	0.5084745762711864	90	87	177
positional35,15,51,5,91	0.5018181818181818	138	137	275
positional44,26,66,10,95	0.5	65	65	130
positional35,15,51,5,91	0.49760765550239233	104	105	209
positional33,17,62,3,97	0.4960159362549801	249	253	502
positional52,31,69,2,95	0.4896551724137931	71	74	145
positional35,15,51,5,91	0.48757763975155277	157	165	322
positional35,15,51,5,91	0.48757763975155277	157	165	322
positional44,26,66,10,95	0.4868421052631579	37	39	76
positional52,31,69,2,95-0-positional33,15,78,4,83	0.4794520547945205	70	76	146
positional52,31,69,2,95	0.4788135593220339	113	123	236
positional52,31,69,2,95	0.47692307692307695	186	204	390
positional52,31,69,2,95	0.47692307692307695	186	204	390
positional52,31,69,2,95	0.4755244755244755	68	75	143
positional52,31,69,2,95	0.4748201438848921	66	73	139
positional44,26,66,10,95-12-positional33,15,78,4,83	0.46954314720812185	185	209	394
positional44,26,66,10,95-12-positional33,15,78,4,83	0.46954314720812185	185	209	394
positional44,26,66,10,95	0.46808510638297873	66	75	141
positional52,31,69,2,95	0.46296296296296297	100	116	216
positional52,31,69,2,95	0.4536082474226804	44	53	97
positional44,26,66,10,95	0.4358974358974359	34	44	78
