positional33,28,55,12,89	0.7777777777777778	63	18	81
positional32,22,52,8,99	0.7761194029850746	52	15	67
mobility0.40-5-positional53,23,78,7,89	0.7682926829268293	126	38	164
positional51,19,54,9,88	0.7545454545454545	83	27	110
positional51,25,64,9,99	0.7453703703703703	161	55	216
positional40,29,70,7,83	0.7407407407407407	40	14	54
greedy-12-positional33,15,78,4,83	0.7377049180327869	90	32	122
mobility0.83-14-positional59,30,77,11,99	0.7375	118	42	160
positional51,17,73,10,94	0.7333333333333333	88	32	120
positional46,15,62,10,82	0.7272727272727273	80	30	110
positional52,31,69,2,95	0.72	126	49	175
positional33,17,62,3,97	0.7164179104477612	48	19	67
positional44,26,66,10,95	0.7157894736842105	68	27	95
positional41,20,56,9,96-18-positional30,27,59,10,97	0.7049180327868853	86	36	122
stable0.54-6-positional57,17,77,11,92	0.6875	66	30	96
positional35,15,51,5,91	0.6867469879518072	57	26	83
greedy-19-positional53,25,68,8,93	0.6814814814814815	92	43	135
positional58,22,68,11,94-23-positional49,30,59,6,90	0.6702127659574468	63	31	94
stable0.80-12-positional40,21,69,14,80	0.648936170212766	61	33	94
corners-18-positional41,23,76,13,90	0.6481481481481481	105	57	162
positional55,31,55,6,93	0.6276595744680851	59	35	94
stable0.87-24-mobility0.13	0.5212121212121212	86	79	165
mobility0.01	0.5181818181818182	57	53	110
stable0.20	0.48148148148148145	26	28	54
positional41,31,65,3,97-23-greedy	0.4462809917355372	54	67	121
mobility0.18-18-mobility0.33	0.4430379746835443	35	44	79
mobility1.00	0.4375	42	54	96
mobility0.78-24-mobility0.05	0.43609022556390975	58	75	133
mobility0.23	0.4146341463414634	34	48	82
corners-15-greedy	0.41379310344827586	60	85	145
mobility0.84	0.40145985401459855	55	82	137
stable0.11-17-greedy	0.4	44	66	110
greedy	0.3877551020408163	38	60	98
stable1.00	0.38235294117647056	26	42	68
greedy-23-corners	0.38202247191011235	68	110	178
greedy-21-corners	0.379746835443038	30	49	79
mobility0.25	0.375	15	25	40
corners-14-greedy	0.3722627737226277	51	86	137
stable0.68	0.3625	29	51	80
mobility0.85-16-stable0.61	0.35294117647058826	48	88	136
stable0.49-13-mobility0.89	0.35294117647058826	48	88	136
mobility0.63-22-corners	0.35	14	26	40
mobility0.88	0.3484848484848485	23	43	66
mobility0.93-15-stable0.62	0.3473684210526316	33	62	95
greedy-11-corners	0.3439153439153439	65	124	189
corners-15-mobility0.93	0.34146341463414637	28	54	82
corners	0.34074074074074073	46	89	135
stable0.43	0.3394495412844037	37	72	109
stable0.86	0.32098765432098764	26	55	81
stable0.97	0.3191489361702128	30	64	94
stable0.37-24-corners	0.3191489361702128	30	64	94
greedy-13-stable0.31	0.31788079470198677	48	103	151
stable0.91-15-stable0.67	0.3157894736842105	48	104	152
mobility0.66-22-corners	0.3157894736842105	48	104	152
corners-8-corners	0.3148148148148148	17	37	54
corners-16-stable0.46	0.3132530120481928	26	57	83
stable0.00-23-corners	0.3114754098360656	38	84	122
positional40,26,56,7,99-9-greedy	0.30952380952380953	13	29	42
mobility0.12-9-stable0.23	0.3055555555555556	33	75	108
corners-21-stable0.92	0.2857142857142857	16	40	56
