positional33,17,62,3,97	0.6153846153846154	24	15	39
positional33,17,62,3,97	0.5950413223140496	72	49	121
positional33,17,62,3,97-0-positional53,23,78,7,89	0.573170731707317	47	35	82
positional33,17,62,3,97	0.5714285714285714	8	6	14
positional51,25,64,9,99	0.5702479338842975	69	52	121
positional33,17,62,3,97	0.5670103092783505	55	42	97
positional33,17,62,3,97	0.5636363636363636	31	24	55
positional33,17,62,3,97-18-positional53,23,78,7,89	0.5596330275229358	61	48	109
positional33,17,62,3,97	0.5571428571428572	117	93	210
positional33,17,62,3,97	0.556390977443609	74	59	133
positional44,26,66,10,95	0.5510204081632653	81	66	147
positional32,22,52,8,99	0.5504587155963303	60	49	109
positional32,22,52,8,99	0.5428571428571428	57	48	105
positional33,17,62,3,97	0.5367647058823529	73	63	136
positional33,17,62,3,97	0.5365853658536586	22	19	41
positional33,17,62,3,97	0.5319148936170213	50	44	94
positional32,22,52,8,99	0.5306122448979592	52	46	98
positional33,17,62,3,97	0.5259259259259259	71	64	135
positional51,17,73,10,94	0.525	42	38	80
positional33,17,62,3,97	0.5241935483870968	65	59	124
positional33,17,62,3,97	0.5217391304347826	48	44	92
positional33,17,62,3,97-0-positional53,23,78,7,89	0.5185185185185185	56	52	108
positional44,26,66,10,95	0.5185185185185185	42	39	81
positional33,17,62,3,97	0.5185185185185185	70	65	135
positional33,17,62,3,97	0.5163934426229508	63	59	122
positional33,17,62,3,97-18-positional33,15,78,4,83	0.5158730158730159	65	61	126
positional44,26,66,10,95	0.514018691588785	55	52	107
positional33,17,62,3,97	0.5102040816326531	75	72	147
positional33,17,62,3,97	0.5080645161290323	63	61	124
positional51,25,64,9,99	0.5037037037037037	68	67	135
positional44,26,66,10,95	0.5037037037037037	68	67	135
positional44,26,66,10,95	0.5033557046979866	75	74	149
positional51,17,73,10,94	0.5	75	75	150
positional33,17,62,3,97	0.49261083743842365	100	103	203
positional51,17,73,10,94	0.4915254237288136	87	90	177
positional44,26,66,10,95	0.4909090909090909	27	28	55
positional33,17,62,3,97	0.4878048780487805	40	42	82
positional44,26,66,10,95-18-positional53,23,78,7,89	0.4875	39	41	80
positional33,17,62,3,97	0.48148148148148145	39	42	81
positional33,17,62,3,97	0.4807692307692308	50	54	104
positional33,17,62,3,97	0.4712041884816754	90	101	191
positional33,17,62,3,97	0.47107438016528924	57	64	121
positional33,17,62,3,97-18-positional53,23,78,7,89	0.4691358024691358	38	43	81
positional44,26,66,10,95	0.46808510638297873	44	50	94
positional51,17,73,10,94	0.4642857142857143	39	45	84
positional33,17,62,3,97	0.4625	37	43	80
positional44,26,66,10,95	0.46226415094339623	49	57	106
positional41,20,56,9,96-0-positional53,23,78,7,89	0.4601226993865031	75	88	163
positional32,22,52,8,99	0.45588235294117646	31	37	68
positional51,17,73,10,94	0.44954128440366975	49	60	109
positional51,17,73,10,94	0.44954128440366975	49	60	109
positional44,26,66,10,95-0-positional53,23,78,7,89	0.4393939393939394	29	37	66
positional44,26,66,10,95	0.43902439024390244	54	69	123
positional41,20,56,9,96	0.42857142857142855	18	24	42
positional51,17,73,10,94	0.4268292682926829	35	47	82
positional51,17,73,10,94	0.41509433962264153	44	62	106
positional44,26,66,10,95	0.4148148148148148	56	79	135
positional51,17,73,10,94	0.4146341463414634	34	48	82
positional44,26,66,10,95	0.411214953271028	44	63	107
positional44,26,66,10,95	0.3723404255319149	35	59	94
