positional44,26,66,10,95	0.6203703703703703	67	41	108
positional32,22,52,8,99-0-positional53,23,78,7,89	0.6142857142857143	43	27	70
positional33,17,62,3,97	0.5853658536585366	24	17	41
positional33,17,62,3,97	0.5746268656716418	77	57	134
positional44,26,66,10,95	0.574468085106383	54	40	94
positional32,22,52,8,99	0.5607476635514018	60	47	107
positional32,22,52,8,99	0.5606936416184971	97	76	173
positional33,17,62,3,97	0.5588235294117647	38	30	68
positional51,25,64,9,99	0.5531914893617021	52	42	94
positional33,17,62,3,97	0.5512820512820513	43	35	78
positional44,26,66,10,95	0.5511363636363636	97	79	176
positional33,17,62,3,97	0.5504587155963303	60	49	109
positional51,17,73,10,94	0.5481481481481482	74	61	135
positional33,17,62,3,97	0.5454545454545454	36	30	66
positional33,17,62,3,97-0-positional53,23,78,7,89	0.5425531914893617	51	43	94
positional33,17,62,3,97	0.5388888888888889	97	83	180
positional33,17,62,3,97	0.5365853658536586	44	38	82
positional44,26,66,10,95	0.5319148936170213	50	44	94
positional44,26,66,10,95	0.5272727272727272	29	26	55
positional51,25,64,9,99	0.5268817204301075	49	44	93
positional33,17,62,3,97	0.525	42	38	80
positional33,17,62,3,97	0.524390243902439	43	39	82
positional32,22,52,8,99	0.52	65	60	125
positional44,26,66,10,95	0.5188679245283019	55	51	106
positional33,17,62,3,97	0.5181818181818182	57	53	110
positional32,22,52,8,99	0.514018691588785	55	52	107
positional33,17,62,3,97	0.5121951219512195	84	80	164
positional33,17,62,3,97-18-positional53,23,78,7,89	0.5106382978723404	48	46	94
positional32,22,52,8,99	0.4946236559139785	46	47	93
positional33,17,62,3,97	0.49324324324324326	73	75	148
positional33,17,62,3,97	0.49242424242424243	65	67	132
positional51,25,64,9,99	0.49206349206349204	93	96	189
positional51,17,73,10,94	0.48936170212765956	46	48	94
positional33,17,62,3,97	0.4878048780487805	40	42	82
positional33,17,62,3,97	0.4866666666666667	73	77	150
positional33,17,62,3,97-18-positional53,23,78,7,89	0.4791666666666667	46	50	96
positional33,17,62,3,97	0.47619047619047616	50	55	105
positional32,22,52,8,99	0.4727272727272727	52	58	110
positional33,17,62,3,97	0.4701492537313433	63	71	134
positional33,17,62,3,97	0.46808510638297873	44	50	94
positional33,17,62,3,97	0.4673913043478261	43	49	92
positional44,26,66,10,95	0.4662576687116564	76	87	163
positional33,17,62,3,97	0.4626865671641791	31	36	67
positional33,17,62,3,97	0.46153846153846156	18	21	39
positional32,22,52,8,99	0.45871559633027525	50	59	109
positional33,17,62,3,97	0.4583333333333333	44	52	96
positional33,17,62,3,97	0.4576271186440678	81	96	177
positional33,17,62,3,97	0.4557823129251701	67	80	147
positional33,17,62,3,97	0.45528455284552843	56	67	123
positional33,17,62,3,97	0.45161290322580644	42	51	93
positional33,17,62,3,97	0.4503311258278146	68	83	151
positional33,17,62,3,97	0.44525547445255476	61	76	137
positional33,17,62,3,97	0.4411764705882353	60	76	136
positional33,17,62,3,97	0.4393939393939394	29	37	66
positional33,17,62,3,97	0.43902439024390244	36	46	82
positional32,22,52,8,99	0.43902439024390244	54	69	123
positional33,17,62,3,97	0.43617021276595747	41	53	94
positional33,17,62,3,97	0.42857142857142855	24	32	56
positional33,17,62,3,97	0.42452830188679247	45	61	106
positional33,17,62,3,97	0.41975308641975306	34	47	81
