positional33,17,62,3,97	0.6307692307692307	41	24	65
positional32,22,52,8,99	0.6153846153846154	72	45	117
positional33,17,62,3,97	0.5957446808510638	56	38	94
positional51,17,73,10,94	0.583941605839416	80	57	137
positional33,17,62,3,97	0.5691056910569106	70	53	123
positional44,26,66,10,95	0.5670731707317073	93	71	164
positional33,17,62,3,97	0.5666666666666667	85	65	150
positional32,22,52,8,99	0.5564516129032258	69	55	124
positional44,26,66,10,95	0.5514018691588785	59	48	107
positional33,17,62,3,97	0.5510204081632653	54	44	98
positional33,17,62,3,97	0.5507246376811594	38	31	69
positional51,17,73,10,94	0.5463917525773195	53	44	97
positional51,25,64,9,99	0.5425531914893617	51	43	94
positional44,26,66,10,95	0.5416666666666666	52	44	96
positional32,22,52,8,99-0-positional53,23,78,7,89	0.5370370370370371	58	50	108
positional44,26,66,10,95	0.5368421052631579	51	44	95
positional33,17,62,3,97	0.5357142857142857	45	39	84
positional44,26,66,10,95	0.5337078651685393	95	83	178
positional33,17,62,3,97	0.5272727272727272	29	26	55
positional44,26,66,10,95-18-positional53,23,78,7,89	0.524390243902439	43	39	82
positional33,17,62,3,97	0.5229357798165137	57	52	109
positional44,26,66,10,95	0.5206611570247934	63	58	121
positional44,26,66,10,95	0.5133333333333333	77	73	150
positional44,26,66,10,95	0.5121951219512195	42	40	82
positional44,26,66,10,95	0.509090909090909	56	54	110
positional33,17,62,3,97	0.509090909090909	56	54	110
positional32,22,52,8,99	0.5053763440860215	47	46	93
positional44,26,66,10,95	0.5051546391752577	49	48	97
positional33,17,62,3,97	0.5	35	35	70
positional32,22,52,8,99	0.5	34	34	68
positional33,17,62,3,97	0.5	67	67	134
positional33,17,62,3,97	0.5	61	61	122
positional33,17,62,3,97	0.49074074074074076	53	55	108
positional33,17,62,3,97	0.48936170212765956	46	48	94
positional44,26,66,10,95	0.4891304347826087	45	47	92
positional33,17,62,3,97	0.4888888888888889	66	69	135
positional33,17,62,3,97-0-positional53,23,78,7,89	0.48863636363636365	86	90	176
positional33,17,62,3,97	0.4878048780487805	60	63	123
positional33,17,62,3,97	0.4810126582278481	38	41	79
positional44,26,66,10,95	0.47794117647058826	65	71	136
positional33,17,62,3,97	0.4774774774774775	53	58	111
positional44,26,66,10,95-0-positional53,23,78,7,89	0.4766355140186916	51	56	107
positional32,22,52,8,99	0.475	57	63	120
positional32,22,52,8,99	0.475	57	63	120
positional33,17,62,3,97	0.4745762711864407	56	62	118
positional33,17,62,3,97	0.47107438016528924	57	64	121
positional32,22,52,8,99	0.47058823529411764	64	72	136
positional44,26,66,10,95	0.4626865671641791	31	36	67
positional33,17,62,3,97	0.46153846153846156	18	21	39
positional33,17,62,3,97	0.45925925925925926	62	73	135
positional33,17,62,3,97	0.4567901234567901	37	44	81
positional33,17,62,3,97	0.45528455284552843	56	67	123
positional32,22,52,8,99	0.43478260869565216	30	39	69
positional32,22,52,8,99	0.4329896907216495	42	55	97
positional32,22,52,8,99	0.42105263157894735	40	55	95
positional32,22,52,8,99	0.42	63	87	150
positional33,17,62,3,97	0.4148148148148148	56	79	135
positional33,17,62,3,97	0.4065040650406504	50	73	123
positional44,26,66,10,95	0.36885245901639346	45	77	122
positional32,22,52,8,99	0.34408602150537637	32	61	93
