positional52,31,69,2,95	0.6428571428571429	27	15	42
positional51,25,64,9,99	0.6049382716049383	49	32	81
positional44,26,66,10,95	0.5963302752293578	65	44	109
positional44,26,66,10,95	0.5955882352941176	81	55	136
positional51,25,64,9,99	0.5895522388059702	79	55	134
positional52,31,69,2,95-0-positional33,15,78,4,83	0.5892857142857143	33	23	56
positional32,22,52,8,99-14-positional53,23,78,7,89	0.5853658536585366	48	34	82
positional33,17,62,3,97-0-positional49,30,59,6,90	0.582089552238806	78	56	134
positional32,22,52,8,99-12-positional49,30,59,6,90	0.5766423357664233	79	58	137
positional41,20,56,9,96	0.575	92	68	160
positional51,25,64,9,99	0.5637583892617449	84	65	149
positional52,31,69,2,95-0-positional57,17,77,11,92	0.5609756097560976	46	36	82
positional33,28,55,12,89-6-positional57,17,77,11,92	0.5507246376811594	38	31	69
positional33,28,55,12,89	0.5503355704697986	82	67	149
positional33,28,55,12,89	0.55	44	36	80
positional41,20,56,9,96	0.5487804878048781	90	74	164
positional32,22,52,8,99-6-positional57,17,77,11,92	0.5487804878048781	45	37	82
positional44,26,66,10,95	0.5454545454545454	36	30	66
positional51,17,73,10,94-0-positional53,23,78,7,89	0.5454545454545454	30	25	55
mobility0.83-14-positional33,15,78,4,83	0.54421768707483	80	67	147
positional51,25,64,9,99-0-positional53,23,78,7,89	0.54421768707483	80	67	147
positional51,17,73,10,94	0.5432098765432098	44	37	81
positional51,25,64,9,99	0.5425531914893617	51	43	94
positional51,25,64,9,99	0.5377358490566038	57	49	106
positional32,22,52,8,99-0-positional49,30,59,6,90	0.5367647058823529	73	63	136
positional44,26,66,10,95-0-positional49,30,59,6,90	0.5315315315315315	59	52	111
positional41,20,56,9,96	0.5257731958762887	51	46	97
positional51,17,73,10,94	0.5253164556962026	83	75	158
positional33,17,62,3,97	0.524390243902439	43	39	82
positional51,25,64,9,99	0.5225225225225225	58	53	111
positional33,17,62,3,97	0.5212765957446809	49	45	94
positional51,25,64,9,99	0.52	65	60	125
positional51,25,64,9,99	0.5151515151515151	68	64	132
positional32,22,52,8,99	0.5135135135135135	95	90	185
positional51,25,64,9,99	0.5104166666666666	49	47	96
positional33,17,62,3,97	0.5074626865671642	68	66	134
positional33,28,55,12,89	0.5066666666666667	76	74	150
positional51,25,64,9,99-12-positional33,15,78,4,83	0.5047619047619047	53	52	105
positional51,25,64,9,99-19-positional53,23,78,7,89	0.5	47	47	94
positional51,25,64,9,99	0.5	55	55	110
positional35,15,51,5,91	0.5	47	47	94
positional41,20,56,9,96-18-positional53,23,78,7,89	0.4954128440366973	54	55	109
positional33,17,62,3,97-0-positional53,23,78,7,89	0.4911242603550296	83	86	169
positional51,17,73,10,94	0.4878048780487805	40	42	82
positional32,22,52,8,99	0.4864864864864865	54	57	111
positional51,25,64,9,99-6-positional49,30,59,6,90	0.48598130841121495	52	55	107
positional51,25,64,9,99	0.4796747967479675	59	64	123
positional33,28,55,12,89	0.47560975609756095	39	43	82
positional32,22,52,8,99-0-positional57,17,77,11,92	0.4696969696969697	31	35	66
positional51,17,73,10,94	0.4634146341463415	57	66	123
positional33,28,55,12,89-0-positional33,15,78,4,83	0.45098039215686275	23	28	51
positional52,31,69,2,95-12-positional33,15,78,4,83	0.4462809917355372	54	67	121
positional44,26,66,10,95-0-positional49,30,59,6,90	0.43209876543209874	35	46	81
mobility0.83-14-positional59,30,77,11,99	0.425	34	46	80
positional52,31,69,2,95	0.42424242424242425	28	38	66
positional51,25,64,9,99-0-positional53,23,78,7,89	0.35185185185185186	19	35	54
mobility0.83	0.23529411764705882	16	52	68
mobility0.40-0-positional53,23,78,7,89	0.21951219512195122	9	32	41
mobility0.83	0.21212121212121213	42	156	198
mobility0.83	0.1736842105263158	33	157	190
