positional51,17,73,10,94	0.6538461538461539	17	9	26
positional33,17,62,3,97	0.6428571428571429	9	5	14
positional51,17,73,10,94	0.6268656716417911	42	25	67
positional51,25,64,9,99-0-positional33,15,78,4,83	0.6029411764705882	41	27	68
positional41,20,56,9,96	0.5961538461538461	31	21	52
positional51,25,64,9,99	0.5794392523364486	62	45	107
positional33,17,62,3,97	0.5773195876288659	56	41	97
positional44,26,66,10,95	0.5740740740740741	31	23	54
positional33,17,62,3,97-14-positional53,23,78,7,89	0.5691056910569106	70	53	123
positional51,25,64,9,99	0.5686274509803921	116	88	204
positional33,17,62,3,97	0.5648148148148148	61	47	108
positional33,17,62,3,97	0.5616438356164384	82	64	146
positional41,20,56,9,96-0-positional49,30,59,6,90	0.5567010309278351	54	43	97
positional51,25,64,9,99	0.5487804878048781	45	37	82
positional44,26,66,10,95	0.5471698113207547	58	48	106
positional32,22,52,8,99	0.5447761194029851	73	61	134
positional33,17,62,3,97	0.5425531914893617	102	86	188
positional44,26,66,10,95-14-positional53,23,78,7,89	0.5323741007194245	74	65	139
positional51,25,64,9,99-6-positional53,23,78,7,89	0.53125	51	45	96
positional33,17,62,3,97-18-positional53,23,78,7,89	0.5272727272727272	29	26	55
positional41,20,56,9,96-18-positional33,15,78,4,83	0.525	63	57	120
positional33,17,62,3,97	0.5245901639344263	64	58	122
positional33,17,62,3,97-0-positional57,17,77,11,92	0.5217391304347826	48	44	92
positional33,17,62,3,97-0-positional57,17,77,11,92	0.5204081632653061	51	47	98
positional51,25,64,9,99	0.5189873417721519	41	38	79
positional33,17,62,3,97-0-positional33,15,78,4,83	0.5180722891566265	43	40	83
positional33,17,62,3,97	0.515527950310559	83	78	161
positional41,20,56,9,96	0.5068493150684932	74	72	146
positional51,25,64,9,99-18-positional49,30,59,6,90	0.5056179775280899	90	88	178
positional41,20,56,9,96-0-positional57,17,77,11,92	0.5045871559633027	55	54	109
positional33,17,62,3,97-0-positional57,17,77,11,92	0.49635036496350365	68	69	137
positional33,17,62,3,97-0-positional33,15,78,4,83	0.4962962962962963	67	68	135
positional51,25,64,9,99	0.49624060150375937	66	67	133
positional44,26,66,10,95	0.4943820224719101	88	90	178
positional32,22,52,8,99	0.4927536231884058	34	35	69
positional32,22,52,8,99	0.4878048780487805	40	42	82
positional41,20,56,9,96	0.4852941176470588	66	70	136
positional51,25,64,9,99	0.4842105263157895	46	49	95
positional33,17,62,3,97-0-positional33,15,78,4,83	0.4834123222748815	102	109	211
positional33,17,62,3,97	0.4819277108433735	40	43	83
positional32,22,52,8,99-0-positional33,15,78,4,83	0.4782608695652174	66	72	138
positional51,25,64,9,99-12-positional57,17,77,11,92	0.47540983606557374	58	64	122
positional44,26,66,10,95	0.4691358024691358	38	43	81
positional51,17,73,10,94	0.4658385093167702	75	86	161
positional44,26,66,10,95	0.463768115942029	32	37	69
positional33,17,62,3,97-18-positional49,30,59,6,90	0.4631578947368421	44	51	95
positional32,22,52,8,99	0.46296296296296297	25	29	54
positional33,17,62,3,97-0-positional49,30,59,6,90	0.45985401459854014	63	74	137
positional51,25,64,9,99-14-positional53,23,78,7,89	0.44785276073619634	73	90	163
positional32,22,52,8,99	0.44565217391304346	41	51	92
positional51,25,64,9,99	0.43258426966292135	77	101	178
positional51,25,64,9,99	0.4268292682926829	35	47	82
positional51,25,64,9,99	0.4264705882352941	29	39	68
positional41,20,56,9,96	0.4253731343283582	57	77	134
positional33,17,62,3,97	0.425	17	23	40
positional51,25,64,9,99	0.416	52	73	125
positional51,25,64,9,99	0.4095238095238095	43	62	105
positional51,25,64,9,99	0.4	22	33	55
positional33,28,55,12,89	0.3917525773195876	38	59	97
positional44,26,66,10,95	0.34375	33	63	96
