positional32,22,52,8,99-0-positional33,15,78,4,83	0.6146788990825688	67	42	109
positional51,25,64,9,99-18-positional49,30,59,6,90	0.6071428571428571	34	22	56
positional32,22,52,8,99	0.5887850467289719	63	44	107
positional32,22,52,8,99	0.5671641791044776	38	29	67
positional51,25,64,9,99	0.5652173913043478	39	30	69
positional33,17,62,3,97	0.5606060606060606	74	58	132
positional51,25,64,9,99	0.5588235294117647	38	30	68
positional32,22,52,8,99-0-positional33,15,78,4,83	0.5578947368421052	53	42	95
positional33,17,62,3,97	0.5510204081632653	81	66	147
positional51,17,73,10,94	0.55	66	54	120
positional33,17,62,3,97-14-positional53,23,78,7,89	0.5448275862068965	79	66	145
positional33,17,62,3,97	0.5447761194029851	73	61	134
positional44,26,66,10,95	0.5375	86	74	160
positional33,17,62,3,97	0.5362318840579711	37	32	69
positional41,20,56,9,96-18-positional53,23,78,7,89	0.5328467153284672	73	64	137
positional44,26,66,10,95-0-positional57,17,77,11,92	0.5274725274725275	48	43	91
positional33,17,62,3,97	0.5223880597014925	70	64	134
positional44,26,66,10,95	0.5212765957446809	49	45	94
positional51,25,64,9,99	0.5206611570247934	63	58	121
positional51,25,64,9,99	0.5180722891566265	43	40	83
positional44,26,66,10,95	0.5163934426229508	63	59	122
positional33,17,62,3,97	0.5154639175257731	50	47	97
positional51,25,64,9,99	0.5151515151515151	34	32	66
positional51,25,64,9,99	0.5123456790123457	83	79	162
positional33,17,62,3,97-0-positional33,15,78,4,83	0.5113636363636364	90	86	176
positional33,17,62,3,97	0.5076923076923077	33	32	65
positional33,17,62,3,97	0.5074626865671642	34	33	67
positional33,17,62,3,97-14-positional53,23,78,7,89	0.5052631578947369	48	47	95
positional33,17,62,3,97-18-positional33,15,78,4,83	0.5040650406504065	62	61	123
positional33,17,62,3,97	0.5	39	39	78
positional51,17,73,10,94	0.5	76	76	152
positional51,25,64,9,99	0.5	40	40	80
positional51,25,64,9,99	0.4954954954954955	55	56	111
positional33,17,62,3,97	0.49382716049382713	40	41	81
positional51,17,73,10,94	0.4909090909090909	54	56	110
positional33,17,62,3,97	0.4878048780487805	40	42	82
positional51,25,64,9,99	0.4838709677419355	45	48	93
positional44,26,66,10,95-0-positional57,17,77,11,92	0.48026315789473684	73	79	152
positional33,17,62,3,97	0.48	72	78	150
positional51,25,64,9,99	0.4787234042553192	45	49	94
positional41,20,56,9,96	0.47761194029850745	32	35	67
positional41,20,56,9,96	0.47297297297297297	70	78	148
positional33,17,62,3,97	0.47101449275362317	65	73	138
positional33,17,62,3,97	0.47093023255813954	81	91	172
positional33,17,62,3,97	0.47058823529411764	64	72	136
positional51,25,64,9,99	0.4628099173553719	56	65	121
positional44,26,66,10,95-0-positional53,23,78,7,89	0.4628099173553719	56	65	121
positional33,17,62,3,97	0.46153846153846156	24	28	52
positional33,17,62,3,97-0-positional33,15,78,4,83	0.45901639344262296	56	66	122
positional41,20,56,9,96	0.45871559633027525	50	59	109
positional51,25,64,9,99	0.4574468085106383	43	51	94
positional33,17,62,3,97-14-positional53,23,78,7,89	0.45454545454545453	30	36	66
positional33,17,62,3,97	0.45454545454545453	50	60	110
positional33,17,62,3,97	0.44680851063829785	42	52	94
positional51,25,64,9,99	0.4457831325301205	37	46	83
positional41,20,56,9,96-0-positional33,15,78,4,83	0.4444444444444444	48	60	108
positional51,25,64,9,99-0-positional57,17,77,11,92	0.4380165289256198	53	68	121
positional51,17,73,10,94-0-positional33,15,78,4,83	0.417910447761194	56	78	134
positional33,17,62,3,97-0-positional53,23,78,7,89	0.4153846153846154	54	76	130
positional41,20,56,9,96	0.37037037037037035	20	34	54
