positional32,22,52,8,99	0.6363636363636364	35	20	55
positional44,26,66,10,95-18-positional53,23,78,7,89	0.6296296296296297	34	20	54
positional33,17,62,3,97	0.6119402985074627	41	26	67
positional44,26,66,10,95	0.6075949367088608	48	31	79
positional51,17,73,10,94	0.5985401459854015	82	55	137
positional33,17,62,3,97	0.5894736842105263	56	39	95
positional33,17,62,3,97	0.5698924731182796	53	40	93
positional33,17,62,3,97	0.5670103092783505	55	42	97
positional33,17,62,3,97	0.5620915032679739	86	67	153
positional33,17,62,3,97	0.5542168674698795	46	37	83
positional51,25,64,9,99	0.5496688741721855	83	68	151
positional33,17,62,3,97	0.5454545454545454	66	55	121
positional33,17,62,3,97	0.5432098765432098	88	74	162
positional32,22,52,8,99	0.5421686746987951	45	38	83
positional32,22,52,8,99	0.5365853658536586	22	19	41
positional44,26,66,10,95	0.5357142857142857	30	26	56
positional33,17,62,3,97-0-positional53,23,78,7,89	0.5245901639344263	64	58	122
positional51,17,73,10,94	0.5238095238095238	66	60	126
positional44,26,66,10,95-0-positional33,15,78,4,83	0.5238095238095238	44	40	84
positional41,20,56,9,96	0.5235602094240838	100	91	191
positional51,17,73,10,94-18-positional53,23,78,7,89	0.5212765957446809	49	45	94
positional41,20,56,9,96	0.5181818181818182	57	53	110
positional44,26,66,10,95	0.5137614678899083	56	53	109
positional51,17,73,10,94	0.5135135135135135	76	72	148
positional44,26,66,10,95	0.5135135135135135	57	54	111
positional33,17,62,3,97	0.5108695652173914	47	45	92
positional44,26,66,10,95-0-positional53,23,78,7,89	0.5052631578947369	48	47	95
positional33,17,62,3,97	0.5045871559633027	55	54	109
positional51,25,64,9,99	0.5034013605442177	74	73	147
positional51,17,73,10,94	0.5	21	21	42
positional51,25,64,9,99-0-positional53,23,78,7,89	0.5	48	48	96
positional33,17,62,3,97-18-positional53,23,78,7,89	0.5	69	69	138
positional41,20,56,9,96	0.5	41	41	82
positional33,17,62,3,97	0.5	40	40	80
positional41,20,56,9,96	0.49696969696969695	82	83	165
positional33,17,62,3,97	0.49624060150375937	66	67	133
positional44,26,66,10,95	0.4906832298136646	79	82	161
positional51,17,73,10,94-18-positional33,15,78,4,83	0.48863636363636365	86	90	176
positional33,17,62,3,97	0.48760330578512395	59	62	121
positional51,17,73,10,94	0.4852941176470588	66	70	136
positional51,17,73,10,94	0.4845360824742268	47	50	97
positional33,17,62,3,97	0.4838709677419355	90	96	186
positional33,17,62,3,97	0.4748201438848921	66	73	139
positional33,17,62,3,97	0.46296296296296297	75	87	162
positional41,20,56,9,96-0-positional33,15,78,4,83	0.45588235294117646	31	37	68
positional33,17,62,3,97	0.4528301886792453	24	29	53
positional51,17,73,10,94	0.45	36	44	80
positional33,17,62,3,97	0.4444444444444444	48	60	108
positional44,26,66,10,95-0-positional33,15,78,4,83	0.4421052631578947	42	53	95
positional33,17,62,3,97	0.44171779141104295	72	91	163
positional33,17,62,3,97	0.43636363636363634	24	31	55
positional33,17,62,3,97	0.43558282208588955	71	92	163
positional41,20,56,9,96-0-positional33,15,78,4,83	0.4307692307692308	28	37	65
positional44,26,66,10,95	0.4262295081967213	52	70	122
positional51,17,73,10,94	0.42	63	87	150
positional33,17,62,3,97	0.41509433962264153	44	62	106
positional44,26,66,10,95	0.4146341463414634	17	24	41
positional44,26,66,10,95	0.4107142857142857	23	33	56
positional33,17,62,3,97	0.4074074074074074	44	64	108
positional33,17,62,3,97	0.39622641509433965	42	64	106
